3   1   1
1.797921052052E+00 0.000000000000E+00 4.994434909021E+00
-8.989605260250E-01 1.557045305070E+00 4.994434909021E+00
-8.989605260250E-01 -1.557045305070E+00 4.994434909021E+00
24
1.000000000000E+00 0.000000000000E+00 0.000000000000E+00
0.000000000000E+00 1.000000000000E+00 0.000000000000E+00
0.000000000000E+00 0.000000000000E+00 1.000000000000E+00
0.000000000000E+00 0.000000000000E+00 0.000000000000E+00
-1.000000000000E+00 -0.000000000000E+00 -0.000000000000E+00
-0.000000000000E+00 -1.000000000000E+00 -0.000000000000E+00
-0.000000000000E+00 -0.000000000000E+00 -1.000000000000E+00
0.000000000000E+00 0.000000000000E+00 0.000000000000E+00
-5.000000000000E-01 -8.660254037870E-01 0.000000000000E+00
8.660254037820E-01 -5.000000000000E-01 -0.000000000000E+00
-0.000000000000E+00 -0.000000000000E+00 1.000000000000E+00
0.000000000000E+00 0.000000000000E+00 0.000000000000E+00
5.000000000000E-01 8.660254037870E-01 -0.000000000000E+00
-8.660254037820E-01 5.000000000000E-01 0.000000000000E+00
0.000000000000E+00 0.000000000000E+00 -1.000000000000E+00
0.000000000000E+00 0.000000000000E+00 0.000000000000E+00
-5.000000000000E-01 8.660254037870E-01 0.000000000000E+00
-8.660254037820E-01 -5.000000000000E-01 0.000000000000E+00
-0.000000000000E+00 0.000000000000E+00 1.000000000000E+00
0.000000000000E+00 0.000000000000E+00 0.000000000000E+00
5.000000000000E-01 -8.660254037870E-01 -0.000000000000E+00
8.660254037820E-01 5.000000000000E-01 -0.000000000000E+00
0.000000000000E+00 -0.000000000000E+00 -1.000000000000E+00
0.000000000000E+00 0.000000000000E+00 0.000000000000E+00
-1.000000000000E+00 0.000000000000E+00 -0.000000000000E+00
-0.000000000000E+00 1.000000000000E+00 0.000000000000E+00
-0.000000000000E+00 0.000000000000E+00 -1.000000000000E+00
0.000000000000E+00 0.000000000000E+00 0.000000000000E+00
1.000000000000E+00 -0.000000000000E+00 0.000000000000E+00
0.000000000000E+00 -1.000000000000E+00 -0.000000000000E+00
0.000000000000E+00 -0.000000000000E+00 1.000000000000E+00
0.000000000000E+00 0.000000000000E+00 0.000000000000E+00
5.000000000000E-01 8.660254037870E-01 -0.000000000000E+00
8.660254037820E-01 -5.000000000000E-01 -0.000000000000E+00
0.000000000000E+00 0.000000000000E+00 -1.000000000000E+00
0.000000000000E+00 0.000000000000E+00 0.000000000000E+00
-5.000000000000E-01 -8.660254037870E-01 0.000000000000E+00
-8.660254037820E-01 5.000000000000E-01 0.000000000000E+00
-0.000000000000E+00 -0.000000000000E+00 1.000000000000E+00
0.000000000000E+00 0.000000000000E+00 0.000000000000E+00
5.000000000000E-01 -8.660254037870E-01 -0.000000000000E+00
-8.660254037820E-01 -5.000000000000E-01 0.000000000000E+00
0.000000000000E+00 -0.000000000000E+00 -1.000000000000E+00
0.000000000000E+00 0.000000000000E+00 0.000000000000E+00
-5.000000000000E-01 8.660254037870E-01 0.000000000000E+00
8.660254037820E-01 5.000000000000E-01 -0.000000000000E+00
-0.000000000000E+00 0.000000000000E+00 1.000000000000E+00
0.000000000000E+00 0.000000000000E+00 0.000000000000E+00
1.000000000000E+00 0.000000000000E+00 0.000000000000E+00
0.000000000000E+00 1.000000000000E+00 0.000000000000E+00
0.000000000000E+00 0.000000000000E+00 1.000000000000E+00
1.000000000000E-12 0.000000000000E+00 7.491652363532E+00
-1.000000000000E+00 -0.000000000000E+00 -0.000000000000E+00
-0.000000000000E+00 -1.000000000000E+00 -0.000000000000E+00
-0.000000000000E+00 -0.000000000000E+00 -1.000000000000E+00
1.000000000000E-12 0.000000000000E+00 7.491652363532E+00
-5.000000000000E-01 -8.660254037870E-01 0.000000000000E+00
8.660254037820E-01 -5.000000000000E-01 -0.000000000000E+00
-0.000000000000E+00 -0.000000000000E+00 1.000000000000E+00
1.000000000000E-12 0.000000000000E+00 7.491652363532E+00
5.000000000000E-01 8.660254037870E-01 -0.000000000000E+00
-8.660254037820E-01 5.000000000000E-01 0.000000000000E+00
0.000000000000E+00 0.000000000000E+00 -1.000000000000E+00
1.000000000000E-12 0.000000000000E+00 7.491652363532E+00
-5.000000000000E-01 8.660254037870E-01 0.000000000000E+00
-8.660254037820E-01 -5.000000000000E-01 0.000000000000E+00
-0.000000000000E+00 0.000000000000E+00 1.000000000000E+00
1.000000000000E-12 0.000000000000E+00 7.491652363532E+00
5.000000000000E-01 -8.660254037870E-01 -0.000000000000E+00
8.660254037820E-01 5.000000000000E-01 -0.000000000000E+00
0.000000000000E+00 -0.000000000000E+00 -1.000000000000E+00
1.000000000000E-12 0.000000000000E+00 7.491652363532E+00
-1.000000000000E+00 0.000000000000E+00 -0.000000000000E+00
-0.000000000000E+00 1.000000000000E+00 0.000000000000E+00
-0.000000000000E+00 0.000000000000E+00 -1.000000000000E+00
1.000000000000E-12 0.000000000000E+00 7.491652363532E+00
1.000000000000E+00 -0.000000000000E+00 0.000000000000E+00
0.000000000000E+00 -1.000000000000E+00 -0.000000000000E+00
0.000000000000E+00 -0.000000000000E+00 1.000000000000E+00
1.000000000000E-12 0.000000000000E+00 7.491652363532E+00
5.000000000000E-01 8.660254037870E-01 -0.000000000000E+00
8.660254037820E-01 -5.000000000000E-01 -0.000000000000E+00
0.000000000000E+00 0.000000000000E+00 -1.000000000000E+00
1.000000000000E-12 0.000000000000E+00 7.491652363532E+00
-5.000000000000E-01 -8.660254037870E-01 0.000000000000E+00
-8.660254037820E-01 5.000000000000E-01 0.000000000000E+00
-0.000000000000E+00 -0.000000000000E+00 1.000000000000E+00
1.000000000000E-12 0.000000000000E+00 7.491652363532E+00
5.000000000000E-01 -8.660254037870E-01 -0.000000000000E+00
-8.660254037820E-01 -5.000000000000E-01 0.000000000000E+00
0.000000000000E+00 -0.000000000000E+00 -1.000000000000E+00
1.000000000000E-12 0.000000000000E+00 7.491652363532E+00
-5.000000000000E-01 8.660254037870E-01 0.000000000000E+00
8.660254037820E-01 5.000000000000E-01 -0.000000000000E+00
-0.000000000000E+00 0.000000000000E+00 1.000000000000E+00
1.000000000000E-12 0.000000000000E+00 7.491652363532E+00
4
25 0.000000000000E+00 0.000000000000E+00 0.000000000000E+00
8 -1.797921052050E+00 -0.000000000000E+00 -1.248608727255E+00
25 0.000000000000E+00 0.000000000000E+00 7.491652363530E+00
8 -8.989605260250E-01 -1.557045305074E+00 1.248608727255E+00
166 24