3   1   1
3.612124378640E+00 0.000000000000E+00 9.997719062140E+00
-1.806062189318E+00 3.128191473520E+00 9.997719062140E+00
-1.806062189318E+00 -3.128191473520E+00 9.997719062140E+00
96
1.000000000000E+00 -0.000000000000E+00 -0.000000000000E+00
0.000000000000E+00 1.000000000000E+00 -0.000000000000E+00
0.000000000000E+00 -0.000000000000E+00 1.000000000000E+00
0.000000000000E+00 0.000000000000E+00 0.000000000000E+00
-1.000000000000E+00 0.000000000000E+00 0.000000000000E+00
-0.000000000000E+00 -1.000000000000E+00 0.000000000000E+00
-0.000000000000E+00 0.000000000000E+00 -1.000000000000E+00
0.000000000000E+00 0.000000000000E+00 0.000000000000E+00
-5.000000000000E-01 -8.660254037870E-01 0.000000000000E+00
8.660254037820E-01 -5.000000000000E-01 -0.000000000000E+00
0.000000000000E+00 -0.000000000000E+00 1.000000000000E+00
0.000000000000E+00 0.000000000000E+00 0.000000000000E+00
5.000000000000E-01 8.660254037870E-01 -0.000000000000E+00
-8.660254037820E-01 5.000000000000E-01 0.000000000000E+00
-0.000000000000E+00 0.000000000000E+00 -1.000000000000E+00
0.000000000000E+00 0.000000000000E+00 0.000000000000E+00
-5.000000000000E-01 8.660254037870E-01 0.000000000000E+00
-8.660254037820E-01 -5.000000000000E-01 0.000000000000E+00
-0.000000000000E+00 -0.000000000000E+00 1.000000000000E+00
0.000000000000E+00 0.000000000000E+00 0.000000000000E+00
5.000000000000E-01 -8.660254037870E-01 -0.000000000000E+00
8.660254037820E-01 5.000000000000E-01 -0.000000000000E+00
0.000000000000E+00 0.000000000000E+00 -1.000000000000E+00
0.000000000000E+00 0.000000000000E+00 0.000000000000E+00
5.000000000000E-01 8.660254037870E-01 -0.000000000000E+00
8.660254037820E-01 -5.000000000000E-01 -0.000000000000E+00
0.000000000000E+00 -0.000000000000E+00 -1.000000000000E+00
0.000000000000E+00 0.000000000000E+00 0.000000000000E+00
-5.000000000000E-01 -8.660254037870E-01 0.000000000000E+00
-8.660254037820E-01 5.000000000000E-01 0.000000000000E+00
-0.000000000000E+00 0.000000000000E+00 1.000000000000E+00
0.000000000000E+00 0.000000000000E+00 0.000000000000E+00
5.000000000000E-01 -8.660254037870E-01 -0.000000000000E+00
-8.660254037820E-01 -5.000000000000E-01 0.000000000000E+00
-0.000000000000E+00 0.000000000000E+00 -1.000000000000E+00
0.000000000000E+00 0.000000000000E+00 0.000000000000E+00
-5.000000000000E-01 8.660254037870E-01 0.000000000000E+00
8.660254037820E-01 5.000000000000E-01 -0.000000000000E+00
0.000000000000E+00 -0.000000000000E+00 1.000000000000E+00
0.000000000000E+00 0.000000000000E+00 0.000000000000E+00
-1.000000000000E+00 0.000000000000E+00 0.000000000000E+00
-0.000000000000E+00 1.000000000000E+00 0.000000000000E+00
-0.000000000000E+00 0.000000000000E+00 -1.000000000000E+00
0.000000000000E+00 0.000000000000E+00 0.000000000000E+00
1.000000000000E+00 -0.000000000000E+00 -0.000000000000E+00
0.000000000000E+00 -1.000000000000E+00 -0.000000000000E+00
0.000000000000E+00 -0.000000000000E+00 1.000000000000E+00
0.000000000000E+00 0.000000000000E+00 0.000000000000E+00
1.000000000000E+00 -0.000000000000E+00 -0.000000000000E+00
0.000000000000E+00 1.000000000000E+00 -0.000000000000E+00
0.000000000000E+00 -0.000000000000E+00 1.000000000000E+00
-9.030310946590E-01 1.564095736760E+00 4.998859531070E+00
-1.000000000000E+00 0.000000000000E+00 0.000000000000E+00
-0.000000000000E+00 -1.000000000000E+00 0.000000000000E+00
-0.000000000000E+00 0.000000000000E+00 -1.000000000000E+00
-9.030310946590E-01 1.564095736760E+00 4.998859531070E+00
-5.000000000000E-01 -8.660254037870E-01 0.000000000000E+00
8.660254037820E-01 -5.000000000000E-01 -0.000000000000E+00
0.000000000000E+00 -0.000000000000E+00 1.000000000000E+00
-9.030310946590E-01 1.564095736760E+00 4.998859531070E+00
5.000000000000E-01 8.660254037870E-01 -0.000000000000E+00
-8.660254037820E-01 5.000000000000E-01 0.000000000000E+00
-0.000000000000E+00 0.000000000000E+00 -1.000000000000E+00
-9.030310946590E-01 1.564095736760E+00 4.998859531070E+00
-5.000000000000E-01 8.660254037870E-01 0.000000000000E+00
-8.660254037820E-01 -5.000000000000E-01 0.000000000000E+00
-0.000000000000E+00 -0.000000000000E+00 1.000000000000E+00
-9.030310946590E-01 1.564095736760E+00 4.998859531070E+00
5.000000000000E-01 -8.660254037870E-01 -0.000000000000E+00
8.660254037820E-01 5.000000000000E-01 -0.000000000000E+00
0.000000000000E+00 0.000000000000E+00 -1.000000000000E+00
-9.030310946590E-01 1.564095736760E+00 4.998859531070E+00
5.000000000000E-01 8.660254037870E-01 -0.000000000000E+00
8.660254037820E-01 -5.000000000000E-01 -0.000000000000E+00
0.000000000000E+00 -0.000000000000E+00 -1.000000000000E+00
-9.030310946590E-01 1.564095736760E+00 4.998859531070E+00
-5.000000000000E-01 -8.660254037870E-01 0.000000000000E+00
-8.660254037820E-01 5.000000000000E-01 0.000000000000E+00
-0.000000000000E+00 0.000000000000E+00 1.000000000000E+00
-9.030310946590E-01 1.564095736760E+00 4.998859531070E+00
5.000000000000E-01 -8.660254037870E-01 -0.000000000000E+00
-8.660254037820E-01 -5.000000000000E-01 0.000000000000E+00
-0.000000000000E+00 0.000000000000E+00 -1.000000000000E+00
-9.030310946590E-01 1.564095736760E+00 4.998859531070E+00
-5.000000000000E-01 8.660254037870E-01 0.000000000000E+00
8.660254037820E-01 5.000000000000E-01 -0.000000000000E+00
0.000000000000E+00 -0.000000000000E+00 1.000000000000E+00
-9.030310946590E-01 1.564095736760E+00 4.998859531070E+00
-1.000000000000E+00 0.000000000000E+00 0.000000000000E+00
-0.000000000000E+00 1.000000000000E+00 0.000000000000E+00
-0.000000000000E+00 0.000000000000E+00 -1.000000000000E+00
-9.030310946590E-01 1.564095736760E+00 4.998859531070E+00
1.000000000000E+00 -0.000000000000E+00 -0.000000000000E+00
0.000000000000E+00 -1.000000000000E+00 -0.000000000000E+00
0.000000000000E+00 -0.000000000000E+00 1.000000000000E+00
-9.030310946590E-01 1.564095736760E+00 4.998859531070E+00
1.000000000000E+00 -0.000000000000E+00 -0.000000000000E+00
0.000000000000E+00 1.000000000000E+00 -0.000000000000E+00
0.000000000000E+00 -0.000000000000E+00 1.000000000000E+00
9.030310946610E-01 -1.564095736760E+00 9.997719062140E+00
-1.000000000000E+00 0.000000000000E+00 0.000000000000E+00
-0.000000000000E+00 -1.000000000000E+00 0.000000000000E+00
-0.000000000000E+00 0.000000000000E+00 -1.000000000000E+00
9.030310946610E-01 -1.564095736760E+00 9.997719062140E+00
-5.000000000000E-01 -8.660254037870E-01 0.000000000000E+00
8.660254037820E-01 -5.000000000000E-01 -0.000000000000E+00
0.000000000000E+00 -0.000000000000E+00 1.000000000000E+00
9.030310946610E-01 -1.564095736760E+00 9.997719062140E+00
5.000000000000E-01 8.660254037870E-01 -0.000000000000E+00
-8.660254037820E-01 5.000000000000E-01 0.000000000000E+00
-0.000000000000E+00 0.000000000000E+00 -1.000000000000E+00
9.030310946610E-01 -1.564095736760E+00 9.997719062140E+00
-5.000000000000E-01 8.660254037870E-01 0.000000000000E+00
-8.660254037820E-01 -5.000000000000E-01 0.000000000000E+00
-0.000000000000E+00 -0.000000000000E+00 1.000000000000E+00
9.030310946610E-01 -1.564095736760E+00 9.997719062140E+00
5.000000000000E-01 -8.660254037870E-01 -0.000000000000E+00
8.660254037820E-01 5.000000000000E-01 -0.000000000000E+00
0.000000000000E+00 0.000000000000E+00 -1.000000000000E+00
9.030310946610E-01 -1.564095736760E+00 9.997719062140E+00
5.000000000000E-01 8.660254037870E-01 -0.000000000000E+00
8.660254037820E-01 -5.000000000000E-01 -0.000000000000E+00
0.000000000000E+00 -0.000000000000E+00 -1.000000000000E+00
9.030310946610E-01 -1.564095736760E+00 9.997719062140E+00
-5.000000000000E-01 -8.660254037870E-01 0.000000000000E+00
-8.660254037820E-01 5.000000000000E-01 0.000000000000E+00
-0.000000000000E+00 0.000000000000E+00 1.000000000000E+00
9.030310946610E-01 -1.564095736760E+00 9.997719062140E+00
5.000000000000E-01 -8.660254037870E-01 -0.000000000000E+00
-8.660254037820E-01 -5.000000000000E-01 0.000000000000E+00
-0.000000000000E+00 0.000000000000E+00 -1.000000000000E+00
9.030310946610E-01 -1.564095736760E+00 9.997719062140E+00
-5.000000000000E-01 8.660254037870E-01 0.000000000000E+00
8.660254037820E-01 5.000000000000E-01 -0.000000000000E+00
0.000000000000E+00 -0.000000000000E+00 1.000000000000E+00
9.030310946610E-01 -1.564095736760E+00 9.997719062140E+00
-1.000000000000E+00 0.000000000000E+00 0.000000000000E+00
-0.000000000000E+00 1.000000000000E+00 0.000000000000E+00
-0.000000000000E+00 0.000000000000E+00 -1.000000000000E+00
9.030310946610E-01 -1.564095736760E+00 9.997719062140E+00
1.000000000000E+00 -0.000000000000E+00 -0.000000000000E+00
0.000000000000E+00 -1.000000000000E+00 -0.000000000000E+00
0.000000000000E+00 -0.000000000000E+00 1.000000000000E+00
9.030310946610E-01 -1.564095736760E+00 9.997719062140E+00
1.000000000000E+00 -0.000000000000E+00 -0.000000000000E+00
0.000000000000E+00 1.000000000000E+00 -0.000000000000E+00
0.000000000000E+00 -0.000000000000E+00 1.000000000000E+00
2.000000000000E-12 0.000000000000E+00 1.499657859321E+01
-1.000000000000E+00 0.000000000000E+00 0.000000000000E+00
-0.000000000000E+00 -1.000000000000E+00 0.000000000000E+00
-0.000000000000E+00 0.000000000000E+00 -1.000000000000E+00
2.000000000000E-12 0.000000000000E+00 1.499657859321E+01
-5.000000000000E-01 -8.660254037870E-01 0.000000000000E+00
8.660254037820E-01 -5.000000000000E-01 -0.000000000000E+00
0.000000000000E+00 -0.000000000000E+00 1.000000000000E+00
2.000000000000E-12 0.000000000000E+00 1.499657859321E+01
5.000000000000E-01 8.660254037870E-01 -0.000000000000E+00
-8.660254037820E-01 5.000000000000E-01 0.000000000000E+00
-0.000000000000E+00 0.000000000000E+00 -1.000000000000E+00
2.000000000000E-12 0.000000000000E+00 1.499657859321E+01
-5.000000000000E-01 8.660254037870E-01 0.000000000000E+00
-8.660254037820E-01 -5.000000000000E-01 0.000000000000E+00
-0.000000000000E+00 -0.000000000000E+00 1.000000000000E+00
2.000000000000E-12 0.000000000000E+00 1.499657859321E+01
5.000000000000E-01 -8.660254037870E-01 -0.000000000000E+00
8.660254037820E-01 5.000000000000E-01 -0.000000000000E+00
0.000000000000E+00 0.000000000000E+00 -1.000000000000E+00
2.000000000000E-12 0.000000000000E+00 1.499657859321E+01
5.000000000000E-01 8.660254037870E-01 -0.000000000000E+00
8.660254037820E-01 -5.000000000000E-01 -0.000000000000E+00
0.000000000000E+00 -0.000000000000E+00 -1.000000000000E+00
2.000000000000E-12 0.000000000000E+00 1.499657859321E+01
-5.000000000000E-01 -8.660254037870E-01 0.000000000000E+00
-8.660254037820E-01 5.000000000000E-01 0.000000000000E+00
-0.000000000000E+00 0.000000000000E+00 1.000000000000E+00
2.000000000000E-12 0.000000000000E+00 1.499657859321E+01
5.000000000000E-01 -8.660254037870E-01 -0.000000000000E+00
-8.660254037820E-01 -5.000000000000E-01 0.000000000000E+00
-0.000000000000E+00 0.000000000000E+00 -1.000000000000E+00
2.000000000000E-12 0.000000000000E+00 1.499657859321E+01
-5.000000000000E-01 8.660254037870E-01 0.000000000000E+00
8.660254037820E-01 5.000000000000E-01 -0.000000000000E+00
0.000000000000E+00 -0.000000000000E+00 1.000000000000E+00
2.000000000000E-12 0.000000000000E+00 1.499657859321E+01
-1.000000000000E+00 0.000000000000E+00 0.000000000000E+00
-0.000000000000E+00 1.000000000000E+00 0.000000000000E+00
-0.000000000000E+00 0.000000000000E+00 -1.000000000000E+00
2.000000000000E-12 0.000000000000E+00 1.499657859321E+01
1.000000000000E+00 -0.000000000000E+00 -0.000000000000E+00
0.000000000000E+00 -1.000000000000E+00 -0.000000000000E+00
0.000000000000E+00 -0.000000000000E+00 1.000000000000E+00
2.000000000000E-12 0.000000000000E+00 1.499657859321E+01
1.000000000000E+00 -0.000000000000E+00 -0.000000000000E+00
0.000000000000E+00 1.000000000000E+00 -0.000000000000E+00
0.000000000000E+00 -0.000000000000E+00 1.000000000000E+00
9.030310946610E-01 1.564095736760E+00 9.997719062140E+00
-1.000000000000E+00 0.000000000000E+00 0.000000000000E+00
-0.000000000000E+00 -1.000000000000E+00 0.000000000000E+00
-0.000000000000E+00 0.000000000000E+00 -1.000000000000E+00
9.030310946610E-01 1.564095736760E+00 9.997719062140E+00
-5.000000000000E-01 -8.660254037870E-01 0.000000000000E+00
8.660254037820E-01 -5.000000000000E-01 -0.000000000000E+00
0.000000000000E+00 -0.000000000000E+00 1.000000000000E+00
9.030310946610E-01 1.564095736760E+00 9.997719062140E+00
5.000000000000E-01 8.660254037870E-01 -0.000000000000E+00
-8.660254037820E-01 5.000000000000E-01 0.000000000000E+00
-0.000000000000E+00 0.000000000000E+00 -1.000000000000E+00
9.030310946610E-01 1.564095736760E+00 9.997719062140E+00
-5.000000000000E-01 8.660254037870E-01 0.000000000000E+00
-8.660254037820E-01 -5.000000000000E-01 0.000000000000E+00
-0.000000000000E+00 -0.000000000000E+00 1.000000000000E+00
9.030310946610E-01 1.564095736760E+00 9.997719062140E+00
5.000000000000E-01 -8.660254037870E-01 -0.000000000000E+00
8.660254037820E-01 5.000000000000E-01 -0.000000000000E+00
0.000000000000E+00 0.000000000000E+00 -1.000000000000E+00
9.030310946610E-01 1.564095736760E+00 9.997719062140E+00
5.000000000000E-01 8.660254037870E-01 -0.000000000000E+00
8.660254037820E-01 -5.000000000000E-01 -0.000000000000E+00
0.000000000000E+00 -0.000000000000E+00 -1.000000000000E+00
9.030310946610E-01 1.564095736760E+00 9.997719062140E+00
-5.000000000000E-01 -8.660254037870E-01 0.000000000000E+00
-8.660254037820E-01 5.000000000000E-01 0.000000000000E+00
-0.000000000000E+00 0.000000000000E+00 1.000000000000E+00
9.030310946610E-01 1.564095736760E+00 9.997719062140E+00
5.000000000000E-01 -8.660254037870E-01 -0.000000000000E+00
-8.660254037820E-01 -5.000000000000E-01 0.000000000000E+00
-0.000000000000E+00 0.000000000000E+00 -1.000000000000E+00
9.030310946610E-01 1.564095736760E+00 9.997719062140E+00
-5.000000000000E-01 8.660254037870E-01 0.000000000000E+00
8.660254037820E-01 5.000000000000E-01 -0.000000000000E+00
0.000000000000E+00 -0.000000000000E+00 1.000000000000E+00
9.030310946610E-01 1.564095736760E+00 9.997719062140E+00
-1.000000000000E+00 0.000000000000E+00 0.000000000000E+00
-0.000000000000E+00 1.000000000000E+00 0.000000000000E+00
-0.000000000000E+00 0.000000000000E+00 -1.000000000000E+00
9.030310946610E-01 1.564095736760E+00 9.997719062140E+00
1.000000000000E+00 -0.000000000000E+00 -0.000000000000E+00
0.000000000000E+00 -1.000000000000E+00 -0.000000000000E+00
0.000000000000E+00 -0.000000000000E+00 1.000000000000E+00
9.030310946610E-01 1.564095736760E+00 9.997719062140E+00
1.000000000000E+00 -0.000000000000E+00 -0.000000000000E+00
0.000000000000E+00 1.000000000000E+00 -0.000000000000E+00
0.000000000000E+00 -0.000000000000E+00 1.000000000000E+00
1.806062189320E+00 0.000000000000E+00 4.998859531070E+00
-1.000000000000E+00 0.000000000000E+00 0.000000000000E+00
-0.000000000000E+00 -1.000000000000E+00 0.000000000000E+00
-0.000000000000E+00 0.000000000000E+00 -1.000000000000E+00
1.806062189320E+00 0.000000000000E+00 4.998859531070E+00
-5.000000000000E-01 -8.660254037870E-01 0.000000000000E+00
8.660254037820E-01 -5.000000000000E-01 -0.000000000000E+00
0.000000000000E+00 -0.000000000000E+00 1.000000000000E+00
1.806062189320E+00 0.000000000000E+00 4.998859531070E+00
5.000000000000E-01 8.660254037870E-01 -0.000000000000E+00
-8.660254037820E-01 5.000000000000E-01 0.000000000000E+00
-0.000000000000E+00 0.000000000000E+00 -1.000000000000E+00
1.806062189320E+00 0.000000000000E+00 4.998859531070E+00
-5.000000000000E-01 8.660254037870E-01 0.000000000000E+00
-8.660254037820E-01 -5.000000000000E-01 0.000000000000E+00
-0.000000000000E+00 -0.000000000000E+00 1.000000000000E+00
1.806062189320E+00 0.000000000000E+00 4.998859531070E+00
5.000000000000E-01 -8.660254037870E-01 -0.000000000000E+00
8.660254037820E-01 5.000000000000E-01 -0.000000000000E+00
0.000000000000E+00 0.000000000000E+00 -1.000000000000E+00
1.806062189320E+00 0.000000000000E+00 4.998859531070E+00
5.000000000000E-01 8.660254037870E-01 -0.000000000000E+00
8.660254037820E-01 -5.000000000000E-01 -0.000000000000E+00
0.000000000000E+00 -0.000000000000E+00 -1.000000000000E+00
1.806062189320E+00 0.000000000000E+00 4.998859531070E+00
-5.000000000000E-01 -8.660254037870E-01 0.000000000000E+00
-8.660254037820E-01 5.000000000000E-01 0.000000000000E+00
-0.000000000000E+00 0.000000000000E+00 1.000000000000E+00
1.806062189320E+00 0.000000000000E+00 4.998859531070E+00
5.000000000000E-01 -8.660254037870E-01 -0.000000000000E+00
-8.660254037820E-01 -5.000000000000E-01 0.000000000000E+00
-0.000000000000E+00 0.000000000000E+00 -1.000000000000E+00
1.806062189320E+00 0.000000000000E+00 4.998859531070E+00
-5.000000000000E-01 8.660254037870E-01 0.000000000000E+00
8.660254037820E-01 5.000000000000E-01 -0.000000000000E+00
0.000000000000E+00 -0.000000000000E+00 1.000000000000E+00
1.806062189320E+00 0.000000000000E+00 4.998859531070E+00
-1.000000000000E+00 0.000000000000E+00 0.000000000000E+00
-0.000000000000E+00 1.000000000000E+00 0.000000000000E+00
-0.000000000000E+00 0.000000000000E+00 -1.000000000000E+00
1.806062189320E+00 0.000000000000E+00 4.998859531070E+00
1.000000000000E+00 -0.000000000000E+00 -0.000000000000E+00
0.000000000000E+00 -1.000000000000E+00 -0.000000000000E+00
0.000000000000E+00 -0.000000000000E+00 1.000000000000E+00
1.806062189320E+00 0.000000000000E+00 4.998859531070E+00
1.000000000000E+00 -0.000000000000E+00 -0.000000000000E+00
0.000000000000E+00 1.000000000000E+00 -0.000000000000E+00
0.000000000000E+00 -0.000000000000E+00 1.000000000000E+00
-1.806062189318E+00 0.000000000000E+00 9.997719062140E+00
-1.000000000000E+00 0.000000000000E+00 0.000000000000E+00
-0.000000000000E+00 -1.000000000000E+00 0.000000000000E+00
-0.000000000000E+00 0.000000000000E+00 -1.000000000000E+00
-1.806062189318E+00 0.000000000000E+00 9.997719062140E+00
-5.000000000000E-01 -8.660254037870E-01 0.000000000000E+00
8.660254037820E-01 -5.000000000000E-01 -0.000000000000E+00
0.000000000000E+00 -0.000000000000E+00 1.000000000000E+00
-1.806062189318E+00 0.000000000000E+00 9.997719062140E+00
5.000000000000E-01 8.660254037870E-01 -0.000000000000E+00
-8.660254037820E-01 5.000000000000E-01 0.000000000000E+00
-0.000000000000E+00 0.000000000000E+00 -1.000000000000E+00
-1.806062189318E+00 0.000000000000E+00 9.997719062140E+00
-5.000000000000E-01 8.660254037870E-01 0.000000000000E+00
-8.660254037820E-01 -5.000000000000E-01 0.000000000000E+00
-0.000000000000E+00 -0.000000000000E+00 1.000000000000E+00
-1.806062189318E+00 0.000000000000E+00 9.997719062140E+00
5.000000000000E-01 -8.660254037870E-01 -0.000000000000E+00
8.660254037820E-01 5.000000000000E-01 -0.000000000000E+00
0.000000000000E+00 0.000000000000E+00 -1.000000000000E+00
-1.806062189318E+00 0.000000000000E+00 9.997719062140E+00
5.000000000000E-01 8.660254037870E-01 -0.000000000000E+00
8.660254037820E-01 -5.000000000000E-01 -0.000000000000E+00
0.000000000000E+00 -0.000000000000E+00 -1.000000000000E+00
-1.806062189318E+00 0.000000000000E+00 9.997719062140E+00
-5.000000000000E-01 -8.660254037870E-01 0.000000000000E+00
-8.660254037820E-01 5.000000000000E-01 0.000000000000E+00
-0.000000000000E+00 0.000000000000E+00 1.000000000000E+00
-1.806062189318E+00 0.000000000000E+00 9.997719062140E+00
5.000000000000E-01 -8.660254037870E-01 -0.000000000000E+00
-8.660254037820E-01 -5.000000000000E-01 0.000000000000E+00
-0.000000000000E+00 0.000000000000E+00 -1.000000000000E+00
-1.806062189318E+00 0.000000000000E+00 9.997719062140E+00
-5.000000000000E-01 8.660254037870E-01 0.000000000000E+00
8.660254037820E-01 5.000000000000E-01 -0.000000000000E+00
0.000000000000E+00 -0.000000000000E+00 1.000000000000E+00
-1.806062189318E+00 0.000000000000E+00 9.997719062140E+00
-1.000000000000E+00 0.000000000000E+00 0.000000000000E+00
-0.000000000000E+00 1.000000000000E+00 0.000000000000E+00
-0.000000000000E+00 0.000000000000E+00 -1.000000000000E+00
-1.806062189318E+00 0.000000000000E+00 9.997719062140E+00
1.000000000000E+00 -0.000000000000E+00 -0.000000000000E+00
0.000000000000E+00 -1.000000000000E+00 -0.000000000000E+00
0.000000000000E+00 -0.000000000000E+00 1.000000000000E+00
-1.806062189318E+00 0.000000000000E+00 9.997719062140E+00
1.000000000000E+00 -0.000000000000E+00 -0.000000000000E+00
0.000000000000E+00 1.000000000000E+00 -0.000000000000E+00
0.000000000000E+00 -0.000000000000E+00 1.000000000000E+00
-9.030310946590E-01 -1.564095736760E+00 4.998859531070E+00
-1.000000000000E+00 0.000000000000E+00 0.000000000000E+00
-0.000000000000E+00 -1.000000000000E+00 0.000000000000E+00
-0.000000000000E+00 0.000000000000E+00 -1.000000000000E+00
-9.030310946590E-01 -1.564095736760E+00 4.998859531070E+00
-5.000000000000E-01 -8.660254037870E-01 0.000000000000E+00
8.660254037820E-01 -5.000000000000E-01 -0.000000000000E+00
0.000000000000E+00 -0.000000000000E+00 1.000000000000E+00
-9.030310946590E-01 -1.564095736760E+00 4.998859531070E+00
5.000000000000E-01 8.660254037870E-01 -0.000000000000E+00
-8.660254037820E-01 5.000000000000E-01 0.000000000000E+00
-0.000000000000E+00 0.000000000000E+00 -1.000000000000E+00
-9.030310946590E-01 -1.564095736760E+00 4.998859531070E+00
-5.000000000000E-01 8.660254037870E-01 0.000000000000E+00
-8.660254037820E-01 -5.000000000000E-01 0.000000000000E+00
-0.000000000000E+00 -0.000000000000E+00 1.000000000000E+00
-9.030310946590E-01 -1.564095736760E+00 4.998859531070E+00
5.000000000000E-01 -8.660254037870E-01 -0.000000000000E+00
8.660254037820E-01 5.000000000000E-01 -0.000000000000E+00
0.000000000000E+00 0.000000000000E+00 -1.000000000000E+00
-9.030310946590E-01 -1.564095736760E+00 4.998859531070E+00
5.000000000000E-01 8.660254037870E-01 -0.000000000000E+00
8.660254037820E-01 -5.000000000000E-01 -0.000000000000E+00
0.000000000000E+00 -0.000000000000E+00 -1.000000000000E+00
-9.030310946590E-01 -1.564095736760E+00 4.998859531070E+00
-5.000000000000E-01 -8.660254037870E-01 0.000000000000E+00
-8.660254037820E-01 5.000000000000E-01 0.000000000000E+00
-0.000000000000E+00 0.000000000000E+00 1.000000000000E+00
-9.030310946590E-01 -1.564095736760E+00 4.998859531070E+00
5.000000000000E-01 -8.660254037870E-01 -0.000000000000E+00
-8.660254037820E-01 -5.000000000000E-01 0.000000000000E+00
-0.000000000000E+00 0.000000000000E+00 -1.000000000000E+00
-9.030310946590E-01 -1.564095736760E+00 4.998859531070E+00
-5.000000000000E-01 8.660254037870E-01 0.000000000000E+00
8.660254037820E-01 5.000000000000E-01 -0.000000000000E+00
0.000000000000E+00 -0.000000000000E+00 1.000000000000E+00
-9.030310946590E-01 -1.564095736760E+00 4.998859531070E+00
-1.000000000000E+00 0.000000000000E+00 0.000000000000E+00
-0.000000000000E+00 1.000000000000E+00 0.000000000000E+00
-0.000000000000E+00 0.000000000000E+00 -1.000000000000E+00
-9.030310946590E-01 -1.564095736760E+00 4.998859531070E+00
1.000000000000E+00 -0.000000000000E+00 -0.000000000000E+00
0.000000000000E+00 -1.000000000000E+00 -0.000000000000E+00
0.000000000000E+00 -0.000000000000E+00 1.000000000000E+00
-9.030310946590E-01 -1.564095736760E+00 4.998859531070E+00
32
25 0.000000000000E+00 0.000000000000E+00 0.000000000000E+00
25 1.806062189320E+00 0.000000000000E+00 4.998859531070E+00
25 -9.030310946590E-01 1.564095736760E+00 4.998859531070E+00
25 9.030310946610E-01 1.564095736760E+00 9.997719062140E+00
25 -9.030310946590E-01 -1.564095736760E+00 4.998859531070E+00
25 9.030310946610E-01 -1.564095736760E+00 9.997719062140E+00
25 -1.806062189318E+00 0.000000000000E+00 9.997719062140E+00
25 2.000000000000E-12 0.000000000000E+00 1.499657859321E+01
8 1.806062189322E+00 -0.000000000000E+00 8.748004179373E+00
8 2.000000000000E-12 -0.000000000000E+00 3.749144648303E+00
8 9.030310946630E-01 1.564095736760E+00 1.374686371044E+01
8 -9.030310946570E-01 1.564095736760E+00 8.748004179373E+00
8 9.030310946630E-01 -1.564095736760E+00 1.374686371044E+01
8 -9.030310946570E-01 -1.564095736760E+00 8.748004179373E+00
8 4.000000000000E-12 -0.000000000000E+00 1.874572324151E+01
8 -1.806062189316E+00 -0.000000000000E+00 1.374686371044E+01
25 0.000000000000E+00 -0.000000000000E+00 7.498289296603E+00
25 1.806062189320E+00 -0.000000000000E+00 1.249714882767E+01
25 -9.030310946590E-01 1.564095736760E+00 1.249714882767E+01
25 9.030310946610E-01 1.564095736760E+00 1.749600835874E+01
25 -9.030310946590E-01 -1.564095736760E+00 1.249714882767E+01
25 9.030310946610E-01 -1.564095736760E+00 1.749600835874E+01
25 -1.806062189318E+00 0.000000000000E+00 1.749600835874E+01
25 2.000000000000E-12 0.000000000000E+00 2.249486788981E+01
8 9.030310946630E-01 1.564095736756E+00 2.124515300705E+01
8 -9.030310946570E-01 1.564095736756E+00 1.624629347598E+01
8 1.806062189322E+00 -4.000000000000E-12 1.624629347598E+01
8 2.000000000000E-12 -4.000000000000E-12 1.124743394491E+01
8 4.000000000000E-12 -4.000000000000E-12 2.624401253812E+01
8 -1.806062189316E+00 -4.000000000000E-12 2.124515300705E+01
8 9.030310946630E-01 -1.564095736764E+00 2.124515300705E+01
8 -9.030310946570E-01 -1.564095736764E+00 1.624629347598E+01
166 96