3   1   1
3.624164793235E+00 -0.000000000000E+00 1.003104479235E+01
-1.812082396616E+00 3.138618778432E+00 1.003104479235E+01
-1.812082396616E+00 -3.138618778432E+00 1.003104479235E+01
96
1.000000000000E+00 -0.000000000000E+00 -0.000000000000E+00
-0.000000000000E+00 1.000000000000E+00 -0.000000000000E+00
0.000000000000E+00 -0.000000000000E+00 1.000000000000E+00
0.000000000000E+00 0.000000000000E+00 0.000000000000E+00
-1.000000000000E+00 0.000000000000E+00 0.000000000000E+00
0.000000000000E+00 -1.000000000000E+00 0.000000000000E+00
-0.000000000000E+00 0.000000000000E+00 -1.000000000000E+00
0.000000000000E+00 0.000000000000E+00 0.000000000000E+00
-5.000000000000E-01 -8.660254037870E-01 0.000000000000E+00
8.660254037820E-01 -5.000000000000E-01 -0.000000000000E+00
0.000000000000E+00 0.000000000000E+00 1.000000000000E+00
0.000000000000E+00 0.000000000000E+00 0.000000000000E+00
5.000000000000E-01 8.660254037870E-01 -0.000000000000E+00
-8.660254037820E-01 5.000000000000E-01 0.000000000000E+00
-0.000000000000E+00 -0.000000000000E+00 -1.000000000000E+00
0.000000000000E+00 0.000000000000E+00 0.000000000000E+00
-5.000000000000E-01 8.660254037870E-01 0.000000000000E+00
-8.660254037820E-01 -5.000000000000E-01 0.000000000000E+00
0.000000000000E+00 -0.000000000000E+00 1.000000000000E+00
0.000000000000E+00 0.000000000000E+00 0.000000000000E+00
5.000000000000E-01 -8.660254037870E-01 -0.000000000000E+00
8.660254037820E-01 5.000000000000E-01 -0.000000000000E+00
-0.000000000000E+00 0.000000000000E+00 -1.000000000000E+00
0.000000000000E+00 0.000000000000E+00 0.000000000000E+00
5.000000000000E-01 8.660254037870E-01 -0.000000000000E+00
8.660254037820E-01 -5.000000000000E-01 -0.000000000000E+00
-0.000000000000E+00 -0.000000000000E+00 -1.000000000000E+00
0.000000000000E+00 0.000000000000E+00 0.000000000000E+00
-5.000000000000E-01 -8.660254037870E-01 0.000000000000E+00
-8.660254037820E-01 5.000000000000E-01 0.000000000000E+00
0.000000000000E+00 0.000000000000E+00 1.000000000000E+00
0.000000000000E+00 0.000000000000E+00 0.000000000000E+00
5.000000000000E-01 -8.660254037870E-01 -0.000000000000E+00
-8.660254037820E-01 -5.000000000000E-01 0.000000000000E+00
-0.000000000000E+00 0.000000000000E+00 -1.000000000000E+00
0.000000000000E+00 0.000000000000E+00 0.000000000000E+00
-5.000000000000E-01 8.660254037870E-01 0.000000000000E+00
8.660254037820E-01 5.000000000000E-01 -0.000000000000E+00
0.000000000000E+00 -0.000000000000E+00 1.000000000000E+00
0.000000000000E+00 0.000000000000E+00 0.000000000000E+00
-1.000000000000E+00 0.000000000000E+00 0.000000000000E+00
0.000000000000E+00 1.000000000000E+00 0.000000000000E+00
0.000000000000E+00 -0.000000000000E+00 -1.000000000000E+00
0.000000000000E+00 0.000000000000E+00 0.000000000000E+00
1.000000000000E+00 -0.000000000000E+00 -0.000000000000E+00
-0.000000000000E+00 -1.000000000000E+00 -0.000000000000E+00
-0.000000000000E+00 0.000000000000E+00 1.000000000000E+00
0.000000000000E+00 0.000000000000E+00 0.000000000000E+00
1.000000000000E+00 -0.000000000000E+00 -0.000000000000E+00
-0.000000000000E+00 1.000000000000E+00 -0.000000000000E+00
0.000000000000E+00 -0.000000000000E+00 1.000000000000E+00
-9.060411983080E-01 1.569309389216E+00 5.015522396174E+00
-1.000000000000E+00 0.000000000000E+00 0.000000000000E+00
0.000000000000E+00 -1.000000000000E+00 0.000000000000E+00
-0.000000000000E+00 0.000000000000E+00 -1.000000000000E+00
-9.060411983080E-01 1.569309389216E+00 5.015522396174E+00
-5.000000000000E-01 -8.660254037870E-01 0.000000000000E+00
8.660254037820E-01 -5.000000000000E-01 -0.000000000000E+00
0.000000000000E+00 0.000000000000E+00 1.000000000000E+00
-9.060411983080E-01 1.569309389216E+00 5.015522396174E+00
5.000000000000E-01 8.660254037870E-01 -0.000000000000E+00
-8.660254037820E-01 5.000000000000E-01 0.000000000000E+00
-0.000000000000E+00 -0.000000000000E+00 -1.000000000000E+00
-9.060411983080E-01 1.569309389216E+00 5.015522396174E+00
-5.000000000000E-01 8.660254037870E-01 0.000000000000E+00
-8.660254037820E-01 -5.000000000000E-01 0.000000000000E+00
0.000000000000E+00 -0.000000000000E+00 1.000000000000E+00
-9.060411983080E-01 1.569309389216E+00 5.015522396174E+00
5.000000000000E-01 -8.660254037870E-01 -0.000000000000E+00
8.660254037820E-01 5.000000000000E-01 -0.000000000000E+00
-0.000000000000E+00 0.000000000000E+00 -1.000000000000E+00
-9.060411983080E-01 1.569309389216E+00 5.015522396174E+00
5.000000000000E-01 8.660254037870E-01 -0.000000000000E+00
8.660254037820E-01 -5.000000000000E-01 -0.000000000000E+00
-0.000000000000E+00 -0.000000000000E+00 -1.000000000000E+00
-9.060411983080E-01 1.569309389216E+00 5.015522396174E+00
-5.000000000000E-01 -8.660254037870E-01 0.000000000000E+00
-8.660254037820E-01 5.000000000000E-01 0.000000000000E+00
0.000000000000E+00 0.000000000000E+00 1.000000000000E+00
-9.060411983080E-01 1.569309389216E+00 5.015522396174E+00
5.000000000000E-01 -8.660254037870E-01 -0.000000000000E+00
-8.660254037820E-01 -5.000000000000E-01 0.000000000000E+00
-0.000000000000E+00 0.000000000000E+00 -1.000000000000E+00
-9.060411983080E-01 1.569309389216E+00 5.015522396174E+00
-5.000000000000E-01 8.660254037870E-01 0.000000000000E+00
8.660254037820E-01 5.000000000000E-01 -0.000000000000E+00
0.000000000000E+00 -0.000000000000E+00 1.000000000000E+00
-9.060411983080E-01 1.569309389216E+00 5.015522396174E+00
-1.000000000000E+00 0.000000000000E+00 0.000000000000E+00
0.000000000000E+00 1.000000000000E+00 0.000000000000E+00
0.000000000000E+00 -0.000000000000E+00 -1.000000000000E+00
-9.060411983080E-01 1.569309389216E+00 5.015522396174E+00
1.000000000000E+00 -0.000000000000E+00 -0.000000000000E+00
-0.000000000000E+00 -1.000000000000E+00 -0.000000000000E+00
-0.000000000000E+00 0.000000000000E+00 1.000000000000E+00
-9.060411983080E-01 1.569309389216E+00 5.015522396174E+00
1.000000000000E+00 -0.000000000000E+00 -0.000000000000E+00
-0.000000000000E+00 1.000000000000E+00 -0.000000000000E+00
0.000000000000E+00 -0.000000000000E+00 1.000000000000E+00
9.060411983100E-01 -1.569309389216E+00 1.003104479235E+01
-1.000000000000E+00 0.000000000000E+00 0.000000000000E+00
0.000000000000E+00 -1.000000000000E+00 0.000000000000E+00
-0.000000000000E+00 0.000000000000E+00 -1.000000000000E+00
9.060411983100E-01 -1.569309389216E+00 1.003104479235E+01
-5.000000000000E-01 -8.660254037870E-01 0.000000000000E+00
8.660254037820E-01 -5.000000000000E-01 -0.000000000000E+00
0.000000000000E+00 0.000000000000E+00 1.000000000000E+00
9.060411983100E-01 -1.569309389216E+00 1.003104479235E+01
5.000000000000E-01 8.660254037870E-01 -0.000000000000E+00
-8.660254037820E-01 5.000000000000E-01 0.000000000000E+00
-0.000000000000E+00 -0.000000000000E+00 -1.000000000000E+00
9.060411983100E-01 -1.569309389216E+00 1.003104479235E+01
-5.000000000000E-01 8.660254037870E-01 0.000000000000E+00
-8.660254037820E-01 -5.000000000000E-01 0.000000000000E+00
0.000000000000E+00 -0.000000000000E+00 1.000000000000E+00
9.060411983100E-01 -1.569309389216E+00 1.003104479235E+01
5.000000000000E-01 -8.660254037870E-01 -0.000000000000E+00
8.660254037820E-01 5.000000000000E-01 -0.000000000000E+00
-0.000000000000E+00 0.000000000000E+00 -1.000000000000E+00
9.060411983100E-01 -1.569309389216E+00 1.003104479235E+01
5.000000000000E-01 8.660254037870E-01 -0.000000000000E+00
8.660254037820E-01 -5.000000000000E-01 -0.000000000000E+00
-0.000000000000E+00 -0.000000000000E+00 -1.000000000000E+00
9.060411983100E-01 -1.569309389216E+00 1.003104479235E+01
-5.000000000000E-01 -8.660254037870E-01 0.000000000000E+00
-8.660254037820E-01 5.000000000000E-01 0.000000000000E+00
0.000000000000E+00 0.000000000000E+00 1.000000000000E+00
9.060411983100E-01 -1.569309389216E+00 1.003104479235E+01
5.000000000000E-01 -8.660254037870E-01 -0.000000000000E+00
-8.660254037820E-01 -5.000000000000E-01 0.000000000000E+00
-0.000000000000E+00 0.000000000000E+00 -1.000000000000E+00
9.060411983100E-01 -1.569309389216E+00 1.003104479235E+01
-5.000000000000E-01 8.660254037870E-01 0.000000000000E+00
8.660254037820E-01 5.000000000000E-01 -0.000000000000E+00
0.000000000000E+00 -0.000000000000E+00 1.000000000000E+00
9.060411983100E-01 -1.569309389216E+00 1.003104479235E+01
-1.000000000000E+00 0.000000000000E+00 0.000000000000E+00
0.000000000000E+00 1.000000000000E+00 0.000000000000E+00
0.000000000000E+00 -0.000000000000E+00 -1.000000000000E+00
9.060411983100E-01 -1.569309389216E+00 1.003104479235E+01
1.000000000000E+00 -0.000000000000E+00 -0.000000000000E+00
-0.000000000000E+00 -1.000000000000E+00 -0.000000000000E+00
-0.000000000000E+00 0.000000000000E+00 1.000000000000E+00
9.060411983100E-01 -1.569309389216E+00 1.003104479235E+01
1.000000000000E+00 -0.000000000000E+00 -0.000000000000E+00
-0.000000000000E+00 1.000000000000E+00 -0.000000000000E+00
0.000000000000E+00 -0.000000000000E+00 1.000000000000E+00
2.000000000000E-12 -0.000000000000E+00 1.504656718852E+01
-1.000000000000E+00 0.000000000000E+00 0.000000000000E+00
0.000000000000E+00 -1.000000000000E+00 0.000000000000E+00
-0.000000000000E+00 0.000000000000E+00 -1.000000000000E+00
2.000000000000E-12 -0.000000000000E+00 1.504656718852E+01
-5.000000000000E-01 -8.660254037870E-01 0.000000000000E+00
8.660254037820E-01 -5.000000000000E-01 -0.000000000000E+00
0.000000000000E+00 0.000000000000E+00 1.000000000000E+00
2.000000000000E-12 -0.000000000000E+00 1.504656718852E+01
5.000000000000E-01 8.660254037870E-01 -0.000000000000E+00
-8.660254037820E-01 5.000000000000E-01 0.000000000000E+00
-0.000000000000E+00 -0.000000000000E+00 -1.000000000000E+00
2.000000000000E-12 -0.000000000000E+00 1.504656718852E+01
-5.000000000000E-01 8.660254037870E-01 0.000000000000E+00
-8.660254037820E-01 -5.000000000000E-01 0.000000000000E+00
0.000000000000E+00 -0.000000000000E+00 1.000000000000E+00
2.000000000000E-12 -0.000000000000E+00 1.504656718852E+01
5.000000000000E-01 -8.660254037870E-01 -0.000000000000E+00
8.660254037820E-01 5.000000000000E-01 -0.000000000000E+00
-0.000000000000E+00 0.000000000000E+00 -1.000000000000E+00
2.000000000000E-12 -0.000000000000E+00 1.504656718852E+01
5.000000000000E-01 8.660254037870E-01 -0.000000000000E+00
8.660254037820E-01 -5.000000000000E-01 -0.000000000000E+00
-0.000000000000E+00 -0.000000000000E+00 -1.000000000000E+00
2.000000000000E-12 -0.000000000000E+00 1.504656718852E+01
-5.000000000000E-01 -8.660254037870E-01 0.000000000000E+00
-8.660254037820E-01 5.000000000000E-01 0.000000000000E+00
0.000000000000E+00 0.000000000000E+00 1.000000000000E+00
2.000000000000E-12 -0.000000000000E+00 1.504656718852E+01
5.000000000000E-01 -8.660254037870E-01 -0.000000000000E+00
-8.660254037820E-01 -5.000000000000E-01 0.000000000000E+00
-0.000000000000E+00 0.000000000000E+00 -1.000000000000E+00
2.000000000000E-12 -0.000000000000E+00 1.504656718852E+01
-5.000000000000E-01 8.660254037870E-01 0.000000000000E+00
8.660254037820E-01 5.000000000000E-01 -0.000000000000E+00
0.000000000000E+00 -0.000000000000E+00 1.000000000000E+00
2.000000000000E-12 -0.000000000000E+00 1.504656718852E+01
-1.000000000000E+00 0.000000000000E+00 0.000000000000E+00
0.000000000000E+00 1.000000000000E+00 0.000000000000E+00
0.000000000000E+00 -0.000000000000E+00 -1.000000000000E+00
2.000000000000E-12 -0.000000000000E+00 1.504656718852E+01
1.000000000000E+00 -0.000000000000E+00 -0.000000000000E+00
-0.000000000000E+00 -1.000000000000E+00 -0.000000000000E+00
-0.000000000000E+00 0.000000000000E+00 1.000000000000E+00
2.000000000000E-12 -0.000000000000E+00 1.504656718852E+01
1.000000000000E+00 -0.000000000000E+00 -0.000000000000E+00
-0.000000000000E+00 1.000000000000E+00 -0.000000000000E+00
0.000000000000E+00 -0.000000000000E+00 1.000000000000E+00
9.060411983100E-01 1.569309389216E+00 1.003104479235E+01
-1.000000000000E+00 0.000000000000E+00 0.000000000000E+00
0.000000000000E+00 -1.000000000000E+00 0.000000000000E+00
-0.000000000000E+00 0.000000000000E+00 -1.000000000000E+00
9.060411983100E-01 1.569309389216E+00 1.003104479235E+01
-5.000000000000E-01 -8.660254037870E-01 0.000000000000E+00
8.660254037820E-01 -5.000000000000E-01 -0.000000000000E+00
0.000000000000E+00 0.000000000000E+00 1.000000000000E+00
9.060411983100E-01 1.569309389216E+00 1.003104479235E+01
5.000000000000E-01 8.660254037870E-01 -0.000000000000E+00
-8.660254037820E-01 5.000000000000E-01 0.000000000000E+00
-0.000000000000E+00 -0.000000000000E+00 -1.000000000000E+00
9.060411983100E-01 1.569309389216E+00 1.003104479235E+01
-5.000000000000E-01 8.660254037870E-01 0.000000000000E+00
-8.660254037820E-01 -5.000000000000E-01 0.000000000000E+00
0.000000000000E+00 -0.000000000000E+00 1.000000000000E+00
9.060411983100E-01 1.569309389216E+00 1.003104479235E+01
5.000000000000E-01 -8.660254037870E-01 -0.000000000000E+00
8.660254037820E-01 5.000000000000E-01 -0.000000000000E+00
-0.000000000000E+00 0.000000000000E+00 -1.000000000000E+00
9.060411983100E-01 1.569309389216E+00 1.003104479235E+01
5.000000000000E-01 8.660254037870E-01 -0.000000000000E+00
8.660254037820E-01 -5.000000000000E-01 -0.000000000000E+00
-0.000000000000E+00 -0.000000000000E+00 -1.000000000000E+00
9.060411983100E-01 1.569309389216E+00 1.003104479235E+01
-5.000000000000E-01 -8.660254037870E-01 0.000000000000E+00
-8.660254037820E-01 5.000000000000E-01 0.000000000000E+00
0.000000000000E+00 0.000000000000E+00 1.000000000000E+00
9.060411983100E-01 1.569309389216E+00 1.003104479235E+01
5.000000000000E-01 -8.660254037870E-01 -0.000000000000E+00
-8.660254037820E-01 -5.000000000000E-01 0.000000000000E+00
-0.000000000000E+00 0.000000000000E+00 -1.000000000000E+00
9.060411983100E-01 1.569309389216E+00 1.003104479235E+01
-5.000000000000E-01 8.660254037870E-01 0.000000000000E+00
8.660254037820E-01 5.000000000000E-01 -0.000000000000E+00
0.000000000000E+00 -0.000000000000E+00 1.000000000000E+00
9.060411983100E-01 1.569309389216E+00 1.003104479235E+01
-1.000000000000E+00 0.000000000000E+00 0.000000000000E+00
0.000000000000E+00 1.000000000000E+00 0.000000000000E+00
0.000000000000E+00 -0.000000000000E+00 -1.000000000000E+00
9.060411983100E-01 1.569309389216E+00 1.003104479235E+01
1.000000000000E+00 -0.000000000000E+00 -0.000000000000E+00
-0.000000000000E+00 -1.000000000000E+00 -0.000000000000E+00
-0.000000000000E+00 0.000000000000E+00 1.000000000000E+00
9.060411983100E-01 1.569309389216E+00 1.003104479235E+01
1.000000000000E+00 -0.000000000000E+00 -0.000000000000E+00
-0.000000000000E+00 1.000000000000E+00 -0.000000000000E+00
0.000000000000E+00 -0.000000000000E+00 1.000000000000E+00
1.812082396618E+00 -0.000000000000E+00 5.015522396174E+00
-1.000000000000E+00 0.000000000000E+00 0.000000000000E+00
0.000000000000E+00 -1.000000000000E+00 0.000000000000E+00
-0.000000000000E+00 0.000000000000E+00 -1.000000000000E+00
1.812082396618E+00 -0.000000000000E+00 5.015522396174E+00
-5.000000000000E-01 -8.660254037870E-01 0.000000000000E+00
8.660254037820E-01 -5.000000000000E-01 -0.000000000000E+00
0.000000000000E+00 0.000000000000E+00 1.000000000000E+00
1.812082396618E+00 -0.000000000000E+00 5.015522396174E+00
5.000000000000E-01 8.660254037870E-01 -0.000000000000E+00
-8.660254037820E-01 5.000000000000E-01 0.000000000000E+00
-0.000000000000E+00 -0.000000000000E+00 -1.000000000000E+00
1.812082396618E+00 -0.000000000000E+00 5.015522396174E+00
-5.000000000000E-01 8.660254037870E-01 0.000000000000E+00
-8.660254037820E-01 -5.000000000000E-01 0.000000000000E+00
0.000000000000E+00 -0.000000000000E+00 1.000000000000E+00
1.812082396618E+00 -0.000000000000E+00 5.015522396174E+00
5.000000000000E-01 -8.660254037870E-01 -0.000000000000E+00
8.660254037820E-01 5.000000000000E-01 -0.000000000000E+00
-0.000000000000E+00 0.000000000000E+00 -1.000000000000E+00
1.812082396618E+00 -0.000000000000E+00 5.015522396174E+00
5.000000000000E-01 8.660254037870E-01 -0.000000000000E+00
8.660254037820E-01 -5.000000000000E-01 -0.000000000000E+00
-0.000000000000E+00 -0.000000000000E+00 -1.000000000000E+00
1.812082396618E+00 -0.000000000000E+00 5.015522396174E+00
-5.000000000000E-01 -8.660254037870E-01 0.000000000000E+00
-8.660254037820E-01 5.000000000000E-01 0.000000000000E+00
0.000000000000E+00 0.000000000000E+00 1.000000000000E+00
1.812082396618E+00 -0.000000000000E+00 5.015522396174E+00
5.000000000000E-01 -8.660254037870E-01 -0.000000000000E+00
-8.660254037820E-01 -5.000000000000E-01 0.000000000000E+00
-0.000000000000E+00 0.000000000000E+00 -1.000000000000E+00
1.812082396618E+00 -0.000000000000E+00 5.015522396174E+00
-5.000000000000E-01 8.660254037870E-01 0.000000000000E+00
8.660254037820E-01 5.000000000000E-01 -0.000000000000E+00
0.000000000000E+00 -0.000000000000E+00 1.000000000000E+00
1.812082396618E+00 -0.000000000000E+00 5.015522396174E+00
-1.000000000000E+00 0.000000000000E+00 0.000000000000E+00
0.000000000000E+00 1.000000000000E+00 0.000000000000E+00
0.000000000000E+00 -0.000000000000E+00 -1.000000000000E+00
1.812082396618E+00 -0.000000000000E+00 5.015522396174E+00
1.000000000000E+00 -0.000000000000E+00 -0.000000000000E+00
-0.000000000000E+00 -1.000000000000E+00 -0.000000000000E+00
-0.000000000000E+00 0.000000000000E+00 1.000000000000E+00
1.812082396618E+00 -0.000000000000E+00 5.015522396174E+00
1.000000000000E+00 -0.000000000000E+00 -0.000000000000E+00
-0.000000000000E+00 1.000000000000E+00 -0.000000000000E+00
0.000000000000E+00 -0.000000000000E+00 1.000000000000E+00
-1.812082396616E+00 -0.000000000000E+00 1.003104479235E+01
-1.000000000000E+00 0.000000000000E+00 0.000000000000E+00
0.000000000000E+00 -1.000000000000E+00 0.000000000000E+00
-0.000000000000E+00 0.000000000000E+00 -1.000000000000E+00
-1.812082396616E+00 -0.000000000000E+00 1.003104479235E+01
-5.000000000000E-01 -8.660254037870E-01 0.000000000000E+00
8.660254037820E-01 -5.000000000000E-01 -0.000000000000E+00
0.000000000000E+00 0.000000000000E+00 1.000000000000E+00
-1.812082396616E+00 -0.000000000000E+00 1.003104479235E+01
5.000000000000E-01 8.660254037870E-01 -0.000000000000E+00
-8.660254037820E-01 5.000000000000E-01 0.000000000000E+00
-0.000000000000E+00 -0.000000000000E+00 -1.000000000000E+00
-1.812082396616E+00 -0.000000000000E+00 1.003104479235E+01
-5.000000000000E-01 8.660254037870E-01 0.000000000000E+00
-8.660254037820E-01 -5.000000000000E-01 0.000000000000E+00
0.000000000000E+00 -0.000000000000E+00 1.000000000000E+00
-1.812082396616E+00 -0.000000000000E+00 1.003104479235E+01
5.000000000000E-01 -8.660254037870E-01 -0.000000000000E+00
8.660254037820E-01 5.000000000000E-01 -0.000000000000E+00
-0.000000000000E+00 0.000000000000E+00 -1.000000000000E+00
-1.812082396616E+00 -0.000000000000E+00 1.003104479235E+01
5.000000000000E-01 8.660254037870E-01 -0.000000000000E+00
8.660254037820E-01 -5.000000000000E-01 -0.000000000000E+00
-0.000000000000E+00 -0.000000000000E+00 -1.000000000000E+00
-1.812082396616E+00 -0.000000000000E+00 1.003104479235E+01
-5.000000000000E-01 -8.660254037870E-01 0.000000000000E+00
-8.660254037820E-01 5.000000000000E-01 0.000000000000E+00
0.000000000000E+00 0.000000000000E+00 1.000000000000E+00
-1.812082396616E+00 -0.000000000000E+00 1.003104479235E+01
5.000000000000E-01 -8.660254037870E-01 -0.000000000000E+00
-8.660254037820E-01 -5.000000000000E-01 0.000000000000E+00
-0.000000000000E+00 0.000000000000E+00 -1.000000000000E+00
-1.812082396616E+00 -0.000000000000E+00 1.003104479235E+01
-5.000000000000E-01 8.660254037870E-01 0.000000000000E+00
8.660254037820E-01 5.000000000000E-01 -0.000000000000E+00
0.000000000000E+00 -0.000000000000E+00 1.000000000000E+00
-1.812082396616E+00 -0.000000000000E+00 1.003104479235E+01
-1.000000000000E+00 0.000000000000E+00 0.000000000000E+00
0.000000000000E+00 1.000000000000E+00 0.000000000000E+00
0.000000000000E+00 -0.000000000000E+00 -1.000000000000E+00
-1.812082396616E+00 -0.000000000000E+00 1.003104479235E+01
1.000000000000E+00 -0.000000000000E+00 -0.000000000000E+00
-0.000000000000E+00 -1.000000000000E+00 -0.000000000000E+00
-0.000000000000E+00 0.000000000000E+00 1.000000000000E+00
-1.812082396616E+00 -0.000000000000E+00 1.003104479235E+01
1.000000000000E+00 -0.000000000000E+00 -0.000000000000E+00
-0.000000000000E+00 1.000000000000E+00 -0.000000000000E+00
0.000000000000E+00 -0.000000000000E+00 1.000000000000E+00
-9.060411983080E-01 -1.569309389216E+00 5.015522396174E+00
-1.000000000000E+00 0.000000000000E+00 0.000000000000E+00
0.000000000000E+00 -1.000000000000E+00 0.000000000000E+00
-0.000000000000E+00 0.000000000000E+00 -1.000000000000E+00
-9.060411983080E-01 -1.569309389216E+00 5.015522396174E+00
-5.000000000000E-01 -8.660254037870E-01 0.000000000000E+00
8.660254037820E-01 -5.000000000000E-01 -0.000000000000E+00
0.000000000000E+00 0.000000000000E+00 1.000000000000E+00
-9.060411983080E-01 -1.569309389216E+00 5.015522396174E+00
5.000000000000E-01 8.660254037870E-01 -0.000000000000E+00
-8.660254037820E-01 5.000000000000E-01 0.000000000000E+00
-0.000000000000E+00 -0.000000000000E+00 -1.000000000000E+00
-9.060411983080E-01 -1.569309389216E+00 5.015522396174E+00
-5.000000000000E-01 8.660254037870E-01 0.000000000000E+00
-8.660254037820E-01 -5.000000000000E-01 0.000000000000E+00
0.000000000000E+00 -0.000000000000E+00 1.000000000000E+00
-9.060411983080E-01 -1.569309389216E+00 5.015522396174E+00
5.000000000000E-01 -8.660254037870E-01 -0.000000000000E+00
8.660254037820E-01 5.000000000000E-01 -0.000000000000E+00
-0.000000000000E+00 0.000000000000E+00 -1.000000000000E+00
-9.060411983080E-01 -1.569309389216E+00 5.015522396174E+00
5.000000000000E-01 8.660254037870E-01 -0.000000000000E+00
8.660254037820E-01 -5.000000000000E-01 -0.000000000000E+00
-0.000000000000E+00 -0.000000000000E+00 -1.000000000000E+00
-9.060411983080E-01 -1.569309389216E+00 5.015522396174E+00
-5.000000000000E-01 -8.660254037870E-01 0.000000000000E+00
-8.660254037820E-01 5.000000000000E-01 0.000000000000E+00
0.000000000000E+00 0.000000000000E+00 1.000000000000E+00
-9.060411983080E-01 -1.569309389216E+00 5.015522396174E+00
5.000000000000E-01 -8.660254037870E-01 -0.000000000000E+00
-8.660254037820E-01 -5.000000000000E-01 0.000000000000E+00
-0.000000000000E+00 0.000000000000E+00 -1.000000000000E+00
-9.060411983080E-01 -1.569309389216E+00 5.015522396174E+00
-5.000000000000E-01 8.660254037870E-01 0.000000000000E+00
8.660254037820E-01 5.000000000000E-01 -0.000000000000E+00
0.000000000000E+00 -0.000000000000E+00 1.000000000000E+00
-9.060411983080E-01 -1.569309389216E+00 5.015522396174E+00
-1.000000000000E+00 0.000000000000E+00 0.000000000000E+00
0.000000000000E+00 1.000000000000E+00 0.000000000000E+00
0.000000000000E+00 -0.000000000000E+00 -1.000000000000E+00
-9.060411983080E-01 -1.569309389216E+00 5.015522396174E+00
1.000000000000E+00 -0.000000000000E+00 -0.000000000000E+00
-0.000000000000E+00 -1.000000000000E+00 -0.000000000000E+00
-0.000000000000E+00 0.000000000000E+00 1.000000000000E+00
-9.060411983080E-01 -1.569309389216E+00 5.015522396174E+00
32
1 0.000000000000E+00 0.000000000000E+00 0.000000000000E+00
1 1.812082396618E+00 -0.000000000000E+00 5.015522396174E+00
1 -9.060411983080E-01 1.569309389216E+00 5.015522396174E+00
1 9.060411983100E-01 1.569309389216E+00 1.003104479235E+01
1 -9.060411983080E-01 -1.569309389216E+00 5.015522396174E+00
1 9.060411983100E-01 -1.569309389216E+00 1.003104479235E+01
1 -1.812082396616E+00 -0.000000000000E+00 1.003104479235E+01
1 2.000000000000E-12 -0.000000000000E+00 1.504656718852E+01
8 1.812082396620E+00 -0.000000000000E+00 8.777164193304E+00
8 2.000000000000E-12 -0.000000000000E+00 3.761641797131E+00
8 9.060411983120E-01 1.569309389216E+00 1.379268658948E+01
8 -9.060411983060E-01 1.569309389216E+00 8.777164193304E+00
8 9.060411983120E-01 -1.569309389216E+00 1.379268658948E+01
8 -9.060411983060E-01 -1.569309389216E+00 8.777164193304E+00
8 4.000000000000E-12 -0.000000000000E+00 1.880820898565E+01
8 -1.812082396614E+00 -0.000000000000E+00 1.379268658948E+01
25 -0.000000000000E+00 -0.000000000000E+00 7.523283594258E+00
25 1.812082396618E+00 -0.000000000000E+00 1.253880599043E+01
25 -9.060411983080E-01 1.569309389216E+00 1.253880599043E+01
25 9.060411983100E-01 1.569309389216E+00 1.755432838661E+01
25 -9.060411983080E-01 -1.569309389216E+00 1.253880599043E+01
25 9.060411983100E-01 -1.569309389216E+00 1.755432838661E+01
25 -1.812082396616E+00 -0.000000000000E+00 1.755432838661E+01
25 2.000000000000E-12 -0.000000000000E+00 2.256985078278E+01
8 9.060411983120E-01 1.569309389212E+00 2.131597018374E+01
8 -9.060411983060E-01 1.569309389212E+00 1.630044778756E+01
8 1.812082396620E+00 -4.000000000000E-12 1.630044778756E+01
8 2.000000000000E-12 -4.000000000000E-12 1.128492539139E+01
8 4.000000000000E-12 -4.000000000000E-12 2.633149257991E+01
8 -1.812082396614E+00 -4.000000000000E-12 2.131597018374E+01
8 9.060411983120E-01 -1.569309389220E+00 2.131597018374E+01
8 -9.060411983060E-01 -1.569309389220E+00 1.630044778756E+01
166 96