3   1   1
3.624062747364E+00 0.000000000000E+00 2.559526379874E+00
1.790011892703E+00 -3.175720740872E+00 -2.528964469119E+00
1.790011892703E+00 3.175720740872E+00 -2.528964469119E+00
8
1.000000000000E+00 -0.000000000000E+00 0.000000000000E+00
-0.000000000000E+00 1.000000000000E+00 0.000000000000E+00
-0.000000000000E+00 0.000000000000E+00 1.000000000000E+00
0.000000000000E+00 0.000000000000E+00 0.000000000000E+00
-1.000000000000E+00 0.000000000000E+00 -0.000000000000E+00
0.000000000000E+00 -1.000000000000E+00 -0.000000000000E+00
0.000000000000E+00 -0.000000000000E+00 -1.000000000000E+00
0.000000000000E+00 0.000000000000E+00 0.000000000000E+00
3.334284156140E-01 0.000000000000E+00 9.438063488690E-01
0.000000000000E+00 -1.000000000000E+00 -0.000000000000E+00
9.417456162760E-01 -0.000000000000E+00 -3.334284156140E-01
0.000000000000E+00 0.000000000000E+00 0.000000000000E+00
-3.334284156140E-01 -0.000000000000E+00 -9.438063488690E-01
-0.000000000000E+00 1.000000000000E+00 0.000000000000E+00
-9.417456162760E-01 0.000000000000E+00 3.334284156140E-01
0.000000000000E+00 0.000000000000E+00 0.000000000000E+00
-3.334284156140E-01 -0.000000000000E+00 -9.438063488690E-01
-0.000000000000E+00 -1.000000000000E+00 0.000000000000E+00
-9.417456162760E-01 0.000000000000E+00 3.334284156140E-01
0.000000000000E+00 0.000000000000E+00 0.000000000000E+00
3.334284156140E-01 0.000000000000E+00 9.438063488690E-01
0.000000000000E+00 1.000000000000E+00 -0.000000000000E+00
9.417456162760E-01 -0.000000000000E+00 -3.334284156140E-01
0.000000000000E+00 0.000000000000E+00 0.000000000000E+00
-1.000000000000E+00 -0.000000000000E+00 -0.000000000000E+00
0.000000000000E+00 1.000000000000E+00 -0.000000000000E+00
0.000000000000E+00 -0.000000000000E+00 -1.000000000000E+00
0.000000000000E+00 0.000000000000E+00 0.000000000000E+00
1.000000000000E+00 0.000000000000E+00 0.000000000000E+00
-0.000000000000E+00 -1.000000000000E+00 0.000000000000E+00
-0.000000000000E+00 0.000000000000E+00 1.000000000000E+00
0.000000000000E+00 0.000000000000E+00 0.000000000000E+00
8
25 0.000000000000E+00 0.000000000000E+00 0.000000000000E+00
25 -9.170254273270E-01 -1.587860370436E+00 -2.544245424500E+00
25 -9.170254273270E-01 1.587860370436E+00 -2.544245424500E+00
25 1.790011892708E+00 0.000000000000E+00 -2.528964469122E+00
8 -1.812031373682E+00 -0.000000000000E+00 -1.279763189938E+00
8 8.950059463540E-01 -1.587860370436E+00 -1.264482234560E+00
8 8.950059463540E-01 1.587860370436E+00 -1.264482234560E+00
8 -2.201948097400E-02 -0.000000000000E+00 -3.808727659060E+00
71 8