3   1   1
3.576223486111E+00 0.000000000000E+00 2.525739478348E+00
1.766382929148E+00 -3.133799796126E+00 -2.495580998586E+00
1.766382929148E+00 3.133799796126E+00 -2.495580998586E+00
8
1.000000000000E+00 0.000000000000E+00 -0.000000000000E+00
0.000000000000E+00 1.000000000000E+00 -0.000000000000E+00
0.000000000000E+00 0.000000000000E+00 1.000000000000E+00
0.000000000000E+00 0.000000000000E+00 0.000000000000E+00
-1.000000000000E+00 -0.000000000000E+00 0.000000000000E+00
-0.000000000000E+00 -1.000000000000E+00 0.000000000000E+00
-0.000000000000E+00 -0.000000000000E+00 -1.000000000000E+00
0.000000000000E+00 0.000000000000E+00 0.000000000000E+00
3.334284156140E-01 0.000000000000E+00 9.438063488690E-01
-0.000000000000E+00 -1.000000000000E+00 0.000000000000E+00
9.417456162760E-01 -0.000000000000E+00 -3.334284156140E-01
0.000000000000E+00 0.000000000000E+00 0.000000000000E+00
-3.334284156140E-01 -0.000000000000E+00 -9.438063488690E-01
0.000000000000E+00 1.000000000000E+00 -0.000000000000E+00
-9.417456162760E-01 0.000000000000E+00 3.334284156140E-01
0.000000000000E+00 0.000000000000E+00 0.000000000000E+00
-3.334284156140E-01 -0.000000000000E+00 -9.438063488690E-01
-0.000000000000E+00 -1.000000000000E+00 0.000000000000E+00
-9.417456162760E-01 0.000000000000E+00 3.334284156140E-01
0.000000000000E+00 0.000000000000E+00 0.000000000000E+00
3.334284156140E-01 0.000000000000E+00 9.438063488690E-01
0.000000000000E+00 1.000000000000E+00 -0.000000000000E+00
9.417456162760E-01 -0.000000000000E+00 -3.334284156140E-01
0.000000000000E+00 0.000000000000E+00 0.000000000000E+00
-1.000000000000E+00 0.000000000000E+00 0.000000000000E+00
0.000000000000E+00 1.000000000000E+00 -0.000000000000E+00
-0.000000000000E+00 -0.000000000000E+00 -1.000000000000E+00
0.000000000000E+00 0.000000000000E+00 0.000000000000E+00
1.000000000000E+00 -0.000000000000E+00 -0.000000000000E+00
-0.000000000000E+00 -1.000000000000E+00 0.000000000000E+00
0.000000000000E+00 0.000000000000E+00 1.000000000000E+00
0.000000000000E+00 0.000000000000E+00 0.000000000000E+00
8
25 0.000000000000E+00 0.000000000000E+00 0.000000000000E+00
25 -9.049202784790E-01 -1.566899898063E+00 -2.510660238470E+00
25 -9.049202784790E-01 1.566899898063E+00 -2.510660238470E+00
25 1.766382929153E+00 0.000000000000E+00 -2.495580998589E+00
8 -1.788111743056E+00 -0.000000000000E+00 -1.262869739175E+00
8 8.831914645760E-01 -1.566899898063E+00 -1.247790499294E+00
8 8.831914645760E-01 1.566899898063E+00 -1.247790499294E+00
8 -2.172881390300E-02 0.000000000000E+00 -3.758450737764E+00
71 8