3   1   1
3.683861823930E+00 0.000000000000E+00 2.601760006782E+00
1.819548097148E+00 -3.228121921804E+00 -2.570693807285E+00
1.819548097148E+00 3.228121921804E+00 -2.570693807285E+00
8
1.000000000000E+00 -0.000000000000E+00 -0.000000000000E+00
0.000000000000E+00 1.000000000000E+00 0.000000000000E+00
-0.000000000000E+00 0.000000000000E+00 1.000000000000E+00
0.000000000000E+00 0.000000000000E+00 0.000000000000E+00
-1.000000000000E+00 0.000000000000E+00 0.000000000000E+00
-0.000000000000E+00 -1.000000000000E+00 -0.000000000000E+00
0.000000000000E+00 -0.000000000000E+00 -1.000000000000E+00
0.000000000000E+00 0.000000000000E+00 0.000000000000E+00
3.334284156140E-01 0.000000000000E+00 9.438063488690E-01
-0.000000000000E+00 -1.000000000000E+00 -0.000000000000E+00
9.417456162760E-01 -0.000000000000E+00 -3.334284156140E-01
0.000000000000E+00 0.000000000000E+00 0.000000000000E+00
-3.334284156140E-01 -0.000000000000E+00 -9.438063488690E-01
0.000000000000E+00 1.000000000000E+00 0.000000000000E+00
-9.417456162760E-01 0.000000000000E+00 3.334284156140E-01
0.000000000000E+00 0.000000000000E+00 0.000000000000E+00
-3.334284156140E-01 0.000000000000E+00 -9.438063488690E-01
0.000000000000E+00 -1.000000000000E+00 0.000000000000E+00
-9.417456162760E-01 -0.000000000000E+00 3.334284156140E-01
0.000000000000E+00 0.000000000000E+00 0.000000000000E+00
3.334284156140E-01 -0.000000000000E+00 9.438063488690E-01
-0.000000000000E+00 1.000000000000E+00 -0.000000000000E+00
9.417456162760E-01 0.000000000000E+00 -3.334284156140E-01
0.000000000000E+00 0.000000000000E+00 0.000000000000E+00
-1.000000000000E+00 -0.000000000000E+00 0.000000000000E+00
-0.000000000000E+00 1.000000000000E+00 -0.000000000000E+00
0.000000000000E+00 0.000000000000E+00 -1.000000000000E+00
0.000000000000E+00 0.000000000000E+00 0.000000000000E+00
1.000000000000E+00 0.000000000000E+00 -0.000000000000E+00
0.000000000000E+00 -1.000000000000E+00 0.000000000000E+00
-0.000000000000E+00 -0.000000000000E+00 1.000000000000E+00
0.000000000000E+00 0.000000000000E+00 0.000000000000E+00
8
25 0.000000000000E+00 0.000000000000E+00 0.000000000000E+00
25 -9.321568633880E-01 -1.614060960902E+00 -2.586226907037E+00
25 -9.321568633880E-01 1.614060960902E+00 -2.586226907037E+00
25 1.819548097153E+00 0.000000000000E+00 -2.570693807288E+00
8 -1.841930911965E+00 0.000000000000E+00 -1.300880003392E+00
8 9.097740485760E-01 -1.614060960902E+00 -1.285346903644E+00
8 9.097740485760E-01 1.614060960902E+00 -1.285346903644E+00
8 -2.238281481200E-02 0.000000000000E+00 -3.871573810680E+00
71 8