3   1   1
3.669452549695E+00 0.000000000000E+00 2.545747937123E+00
1.834726274842E+00 -3.177839126017E+00 -2.545747937123E+00
1.834726274842E+00 3.177839126017E+00 -2.545747937123E+00
12
1.000000000000E+00 -0.000000000000E+00 -0.000000000000E+00
0.000000000000E+00 1.000000000000E+00 0.000000000000E+00
0.000000000000E+00 -0.000000000000E+00 1.000000000000E+00
0.000000000000E+00 0.000000000000E+00 0.000000000000E+00
-1.000000000000E+00 0.000000000000E+00 0.000000000000E+00
-0.000000000000E+00 -1.000000000000E+00 -0.000000000000E+00
-0.000000000000E+00 0.000000000000E+00 -1.000000000000E+00
0.000000000000E+00 0.000000000000E+00 0.000000000000E+00
-5.000000000000E-01 -8.660254037840E-01 2.000000000000E-12
8.660254037850E-01 -5.000000000000E-01 -1.000000000000E-12
0.000000000000E+00 0.000000000000E+00 1.000000000000E+00
0.000000000000E+00 0.000000000000E+00 0.000000000000E+00
5.000000000000E-01 8.660254037840E-01 -2.000000000000E-12
-8.660254037850E-01 5.000000000000E-01 1.000000000000E-12
-0.000000000000E+00 -0.000000000000E+00 -1.000000000000E+00
0.000000000000E+00 0.000000000000E+00 0.000000000000E+00
-5.000000000000E-01 8.660254037840E-01 2.000000000000E-12
-8.660254037850E-01 -5.000000000000E-01 1.000000000000E-12
0.000000000000E+00 -0.000000000000E+00 1.000000000000E+00
0.000000000000E+00 0.000000000000E+00 0.000000000000E+00
5.000000000000E-01 -8.660254037840E-01 -2.000000000000E-12
8.660254037850E-01 5.000000000000E-01 -1.000000000000E-12
-0.000000000000E+00 0.000000000000E+00 -1.000000000000E+00
0.000000000000E+00 0.000000000000E+00 0.000000000000E+00
-1.000000000000E+00 -0.000000000000E+00 0.000000000000E+00
0.000000000000E+00 1.000000000000E+00 -0.000000000000E+00
-0.000000000000E+00 -0.000000000000E+00 -1.000000000000E+00
0.000000000000E+00 0.000000000000E+00 0.000000000000E+00
1.000000000000E+00 0.000000000000E+00 -0.000000000000E+00
-0.000000000000E+00 -1.000000000000E+00 0.000000000000E+00
0.000000000000E+00 0.000000000000E+00 1.000000000000E+00
0.000000000000E+00 0.000000000000E+00 0.000000000000E+00
5.000000000000E-01 8.660254037840E-01 -2.000000000000E-12
8.660254037850E-01 -5.000000000000E-01 -1.000000000000E-12
-0.000000000000E+00 -0.000000000000E+00 -1.000000000000E+00
0.000000000000E+00 0.000000000000E+00 0.000000000000E+00
-5.000000000000E-01 -8.660254037840E-01 2.000000000000E-12
-8.660254037850E-01 5.000000000000E-01 1.000000000000E-12
0.000000000000E+00 0.000000000000E+00 1.000000000000E+00
0.000000000000E+00 0.000000000000E+00 0.000000000000E+00
5.000000000000E-01 -8.660254037840E-01 -2.000000000000E-12
-8.660254037850E-01 -5.000000000000E-01 1.000000000000E-12
-0.000000000000E+00 0.000000000000E+00 -1.000000000000E+00
0.000000000000E+00 0.000000000000E+00 0.000000000000E+00
-5.000000000000E-01 8.660254037840E-01 2.000000000000E-12
8.660254037850E-01 5.000000000000E-01 -1.000000000000E-12
0.000000000000E+00 -0.000000000000E+00 1.000000000000E+00
0.000000000000E+00 0.000000000000E+00 0.000000000000E+00
8
25 0.000000000000E+00 0.000000000000E+00 0.000000000000E+00
25 -9.173631374230E-01 -1.588919563009E+00 -2.545747937126E+00
25 -9.173631374230E-01 1.588919563009E+00 -2.545747937126E+00
25 1.834726274847E+00 0.000000000000E+00 -2.545747937126E+00
8 -1.834726274847E+00 -0.000000000000E+00 -1.272873968563E+00
8 9.173631374230E-01 -1.588919563009E+00 -1.272873968563E+00
8 9.173631374230E-01 1.588919563009E+00 -1.272873968563E+00
8 0.000000000000E+00 0.000000000000E+00 -3.818621905689E+00
166 12