3   1   1
3.585241116708E+00 0.000000000000E+00 2.487324758487E+00
1.792620558349E+00 -3.104909885761E+00 -2.487324758487E+00
1.792620558349E+00 3.104909885761E+00 -2.487324758487E+00
12
1.000000000000E+00 -0.000000000000E+00 0.000000000000E+00
0.000000000000E+00 1.000000000000E+00 -0.000000000000E+00
-0.000000000000E+00 -0.000000000000E+00 1.000000000000E+00
0.000000000000E+00 0.000000000000E+00 0.000000000000E+00
-1.000000000000E+00 0.000000000000E+00 -0.000000000000E+00
-0.000000000000E+00 -1.000000000000E+00 0.000000000000E+00
0.000000000000E+00 0.000000000000E+00 -1.000000000000E+00
0.000000000000E+00 0.000000000000E+00 0.000000000000E+00
-5.000000000000E-01 -8.660254037840E-01 2.000000000000E-12
8.660254037850E-01 -5.000000000000E-01 -1.000000000000E-12
-0.000000000000E+00 -0.000000000000E+00 1.000000000000E+00
0.000000000000E+00 0.000000000000E+00 0.000000000000E+00
5.000000000000E-01 8.660254037840E-01 -2.000000000000E-12
-8.660254037850E-01 5.000000000000E-01 1.000000000000E-12
0.000000000000E+00 0.000000000000E+00 -1.000000000000E+00
0.000000000000E+00 0.000000000000E+00 0.000000000000E+00
-5.000000000000E-01 8.660254037840E-01 2.000000000000E-12
-8.660254037850E-01 -5.000000000000E-01 1.000000000000E-12
-0.000000000000E+00 0.000000000000E+00 1.000000000000E+00
0.000000000000E+00 0.000000000000E+00 0.000000000000E+00
5.000000000000E-01 -8.660254037840E-01 -2.000000000000E-12
8.660254037850E-01 5.000000000000E-01 -1.000000000000E-12
0.000000000000E+00 -0.000000000000E+00 -1.000000000000E+00
0.000000000000E+00 0.000000000000E+00 0.000000000000E+00
-1.000000000000E+00 -0.000000000000E+00 -0.000000000000E+00
-0.000000000000E+00 1.000000000000E+00 0.000000000000E+00
0.000000000000E+00 0.000000000000E+00 -1.000000000000E+00
0.000000000000E+00 0.000000000000E+00 0.000000000000E+00
1.000000000000E+00 0.000000000000E+00 0.000000000000E+00
0.000000000000E+00 -1.000000000000E+00 -0.000000000000E+00
-0.000000000000E+00 -0.000000000000E+00 1.000000000000E+00
0.000000000000E+00 0.000000000000E+00 0.000000000000E+00
5.000000000000E-01 8.660254037840E-01 -2.000000000000E-12
8.660254037850E-01 -5.000000000000E-01 -1.000000000000E-12
0.000000000000E+00 0.000000000000E+00 -1.000000000000E+00
0.000000000000E+00 0.000000000000E+00 0.000000000000E+00
-5.000000000000E-01 -8.660254037840E-01 2.000000000000E-12
-8.660254037850E-01 5.000000000000E-01 1.000000000000E-12
-0.000000000000E+00 -0.000000000000E+00 1.000000000000E+00
0.000000000000E+00 0.000000000000E+00 0.000000000000E+00
5.000000000000E-01 -8.660254037840E-01 -2.000000000000E-12
-8.660254037850E-01 -5.000000000000E-01 1.000000000000E-12
0.000000000000E+00 -0.000000000000E+00 -1.000000000000E+00
0.000000000000E+00 0.000000000000E+00 0.000000000000E+00
-5.000000000000E-01 8.660254037840E-01 2.000000000000E-12
8.660254037850E-01 5.000000000000E-01 -1.000000000000E-12
-0.000000000000E+00 0.000000000000E+00 1.000000000000E+00
0.000000000000E+00 0.000000000000E+00 0.000000000000E+00
8
25 0.000000000000E+00 0.000000000000E+00 0.000000000000E+00
25 -8.963102791760E-01 -1.552454942881E+00 -2.487324758490E+00
25 -8.963102791760E-01 1.552454942881E+00 -2.487324758490E+00
25 1.792620558354E+00 0.000000000000E+00 -2.487324758490E+00
8 -1.792620558354E+00 0.000000000000E+00 -1.243662379244E+00
8 8.963102791760E-01 -1.552454942881E+00 -1.243662379244E+00
8 8.963102791760E-01 1.552454942881E+00 -1.243662379244E+00
8 -0.000000000000E+00 0.000000000000E+00 -3.730987137734E+00
166 12