3   1   1
3.659942193303E+00 0.000000000000E+00 2.584866556019E+00
1.807733615370E+00 -3.207161449431E+00 -2.554002072019E+00
1.807733615370E+00 3.207161449431E+00 -2.554002072019E+00
8
1.000000000000E+00 -0.000000000000E+00 -0.000000000000E+00
0.000000000000E+00 1.000000000000E+00 0.000000000000E+00
0.000000000000E+00 -0.000000000000E+00 1.000000000000E+00
0.000000000000E+00 0.000000000000E+00 0.000000000000E+00
-1.000000000000E+00 0.000000000000E+00 0.000000000000E+00
-0.000000000000E+00 -1.000000000000E+00 -0.000000000000E+00
-0.000000000000E+00 0.000000000000E+00 -1.000000000000E+00
0.000000000000E+00 0.000000000000E+00 0.000000000000E+00
3.334284156140E-01 0.000000000000E+00 9.438063488690E-01
-0.000000000000E+00 -1.000000000000E+00 -0.000000000000E+00
9.417456162760E-01 0.000000000000E+00 -3.334284156140E-01
0.000000000000E+00 0.000000000000E+00 0.000000000000E+00
-3.334284156140E-01 -0.000000000000E+00 -9.438063488690E-01
0.000000000000E+00 1.000000000000E+00 0.000000000000E+00
-9.417456162760E-01 -0.000000000000E+00 3.334284156140E-01
0.000000000000E+00 0.000000000000E+00 0.000000000000E+00
-3.334284156140E-01 0.000000000000E+00 -9.438063488690E-01
-0.000000000000E+00 -1.000000000000E+00 0.000000000000E+00
-9.417456162760E-01 0.000000000000E+00 3.334284156140E-01
0.000000000000E+00 0.000000000000E+00 0.000000000000E+00
3.334284156140E-01 -0.000000000000E+00 9.438063488690E-01
0.000000000000E+00 1.000000000000E+00 -0.000000000000E+00
9.417456162760E-01 -0.000000000000E+00 -3.334284156140E-01
0.000000000000E+00 0.000000000000E+00 0.000000000000E+00
-1.000000000000E+00 -0.000000000000E+00 0.000000000000E+00
0.000000000000E+00 1.000000000000E+00 -0.000000000000E+00
-0.000000000000E+00 -0.000000000000E+00 -1.000000000000E+00
0.000000000000E+00 0.000000000000E+00 0.000000000000E+00
1.000000000000E+00 0.000000000000E+00 -0.000000000000E+00
-0.000000000000E+00 -1.000000000000E+00 0.000000000000E+00
0.000000000000E+00 0.000000000000E+00 1.000000000000E+00
0.000000000000E+00 0.000000000000E+00 0.000000000000E+00
8
25 0.000000000000E+00 0.000000000000E+00 0.000000000000E+00
25 -9.261042889640E-01 -1.603580724716E+00 -2.569434314022E+00
25 -9.261042889640E-01 1.603580724716E+00 -2.569434314022E+00
25 1.807733615375E+00 -0.000000000000E+00 -2.554002072022E+00
8 -1.829971096652E+00 0.000000000000E+00 -1.292433278011E+00
8 9.038668076870E-01 -1.603580724716E+00 -1.277001036010E+00
8 9.038668076870E-01 1.603580724716E+00 -1.277001036010E+00
8 -2.223748127700E-02 0.000000000000E+00 -3.846435350032E+00
71 8