3   1   1
3.621331730845E+00 0.000000000000E+00 2.512363263617E+00
1.810665865418E+00 -3.136165274443E+00 -2.512363263617E+00
1.810665865418E+00 3.136165274443E+00 -2.512363263617E+00
12
1.000000000000E+00 0.000000000000E+00 -0.000000000000E+00
-0.000000000000E+00 1.000000000000E+00 0.000000000000E+00
-0.000000000000E+00 -0.000000000000E+00 1.000000000000E+00
0.000000000000E+00 0.000000000000E+00 0.000000000000E+00
-1.000000000000E+00 -0.000000000000E+00 0.000000000000E+00
0.000000000000E+00 -1.000000000000E+00 -0.000000000000E+00
0.000000000000E+00 0.000000000000E+00 -1.000000000000E+00
0.000000000000E+00 0.000000000000E+00 0.000000000000E+00
-5.000000000000E-01 -8.660254037840E-01 2.000000000000E-12
8.660254037850E-01 -5.000000000000E-01 -1.000000000000E-12
-0.000000000000E+00 -0.000000000000E+00 1.000000000000E+00
0.000000000000E+00 0.000000000000E+00 0.000000000000E+00
5.000000000000E-01 8.660254037840E-01 -2.000000000000E-12
-8.660254037850E-01 5.000000000000E-01 1.000000000000E-12
0.000000000000E+00 0.000000000000E+00 -1.000000000000E+00
0.000000000000E+00 0.000000000000E+00 0.000000000000E+00
-5.000000000000E-01 8.660254037840E-01 2.000000000000E-12
-8.660254037850E-01 -5.000000000000E-01 1.000000000000E-12
-0.000000000000E+00 0.000000000000E+00 1.000000000000E+00
0.000000000000E+00 0.000000000000E+00 0.000000000000E+00
5.000000000000E-01 -8.660254037840E-01 -2.000000000000E-12
8.660254037850E-01 5.000000000000E-01 -1.000000000000E-12
0.000000000000E+00 -0.000000000000E+00 -1.000000000000E+00
0.000000000000E+00 0.000000000000E+00 0.000000000000E+00
-1.000000000000E+00 0.000000000000E+00 0.000000000000E+00
0.000000000000E+00 1.000000000000E+00 -0.000000000000E+00
0.000000000000E+00 -0.000000000000E+00 -1.000000000000E+00
0.000000000000E+00 0.000000000000E+00 0.000000000000E+00
1.000000000000E+00 -0.000000000000E+00 -0.000000000000E+00
-0.000000000000E+00 -1.000000000000E+00 0.000000000000E+00
-0.000000000000E+00 0.000000000000E+00 1.000000000000E+00
0.000000000000E+00 0.000000000000E+00 0.000000000000E+00
5.000000000000E-01 8.660254037840E-01 -2.000000000000E-12
8.660254037850E-01 -5.000000000000E-01 -1.000000000000E-12
0.000000000000E+00 0.000000000000E+00 -1.000000000000E+00
0.000000000000E+00 0.000000000000E+00 0.000000000000E+00
-5.000000000000E-01 -8.660254037840E-01 2.000000000000E-12
-8.660254037850E-01 5.000000000000E-01 1.000000000000E-12
-0.000000000000E+00 -0.000000000000E+00 1.000000000000E+00
0.000000000000E+00 0.000000000000E+00 0.000000000000E+00
5.000000000000E-01 -8.660254037840E-01 -2.000000000000E-12
-8.660254037850E-01 -5.000000000000E-01 1.000000000000E-12
0.000000000000E+00 -0.000000000000E+00 -1.000000000000E+00
0.000000000000E+00 0.000000000000E+00 0.000000000000E+00
-5.000000000000E-01 8.660254037840E-01 2.000000000000E-12
8.660254037850E-01 5.000000000000E-01 -1.000000000000E-12
-0.000000000000E+00 0.000000000000E+00 1.000000000000E+00
0.000000000000E+00 0.000000000000E+00 0.000000000000E+00
8
25 0.000000000000E+00 0.000000000000E+00 0.000000000000E+00
25 -9.053329327110E-01 -1.568082637221E+00 -2.512363263620E+00
25 -9.053329327110E-01 1.568082637221E+00 -2.512363263620E+00
25 1.810665865423E+00 0.000000000000E+00 -2.512363263620E+00
8 -1.810665865423E+00 -0.000000000000E+00 -1.256181631809E+00
8 9.053329327110E-01 -1.568082637221E+00 -1.256181631809E+00
8 9.053329327110E-01 1.568082637221E+00 -1.256181631809E+00
8 -0.000000000000E+00 -0.000000000000E+00 -3.768544895429E+00
166 12