3   1   1
3.612102932051E+00 0.000000000000E+00 2.551079654493E+00
1.784104651814E+00 -3.165240504685E+00 -2.520618601486E+00
1.784104651814E+00 3.165240504685E+00 -2.520618601486E+00
8
1.000000000000E+00 -0.000000000000E+00 0.000000000000E+00
-0.000000000000E+00 1.000000000000E+00 0.000000000000E+00
-0.000000000000E+00 -0.000000000000E+00 1.000000000000E+00
0.000000000000E+00 0.000000000000E+00 0.000000000000E+00
-1.000000000000E+00 0.000000000000E+00 -0.000000000000E+00
0.000000000000E+00 -1.000000000000E+00 -0.000000000000E+00
0.000000000000E+00 0.000000000000E+00 -1.000000000000E+00
0.000000000000E+00 0.000000000000E+00 0.000000000000E+00
3.334284156140E-01 0.000000000000E+00 9.438063488690E-01
0.000000000000E+00 -1.000000000000E+00 -0.000000000000E+00
9.417456162760E-01 0.000000000000E+00 -3.334284156140E-01
0.000000000000E+00 0.000000000000E+00 0.000000000000E+00
-3.334284156140E-01 -0.000000000000E+00 -9.438063488690E-01
-0.000000000000E+00 1.000000000000E+00 0.000000000000E+00
-9.417456162760E-01 -0.000000000000E+00 3.334284156140E-01
0.000000000000E+00 0.000000000000E+00 0.000000000000E+00
-3.334284156140E-01 0.000000000000E+00 -9.438063488690E-01
0.000000000000E+00 -1.000000000000E+00 -0.000000000000E+00
-9.417456162760E-01 0.000000000000E+00 3.334284156140E-01
0.000000000000E+00 0.000000000000E+00 0.000000000000E+00
3.334284156140E-01 -0.000000000000E+00 9.438063488690E-01
-0.000000000000E+00 1.000000000000E+00 0.000000000000E+00
9.417456162760E-01 -0.000000000000E+00 -3.334284156140E-01
0.000000000000E+00 0.000000000000E+00 0.000000000000E+00
-1.000000000000E+00 -0.000000000000E+00 -0.000000000000E+00
-0.000000000000E+00 1.000000000000E+00 0.000000000000E+00
0.000000000000E+00 -0.000000000000E+00 -1.000000000000E+00
0.000000000000E+00 0.000000000000E+00 0.000000000000E+00
1.000000000000E+00 0.000000000000E+00 0.000000000000E+00
0.000000000000E+00 -1.000000000000E+00 -0.000000000000E+00
-0.000000000000E+00 0.000000000000E+00 1.000000000000E+00
0.000000000000E+00 0.000000000000E+00 0.000000000000E+00
8
25 0.000000000000E+00 0.000000000000E+00 0.000000000000E+00
25 -9.139991401150E-01 -1.582620252343E+00 -2.535849127992E+00
25 -9.139991401150E-01 1.582620252343E+00 -2.535849127992E+00
25 1.784104651819E+00 -0.000000000000E+00 -2.520618601489E+00
8 -1.806051466025E+00 -0.000000000000E+00 -1.275539827247E+00
8 8.920523259090E-01 -1.582620252343E+00 -1.260309300744E+00
8 8.920523259090E-01 1.582620252343E+00 -1.260309300744E+00
8 -2.194681420600E-02 -0.000000000000E+00 -3.796158428736E+00
71 8