3   1   1
3.647982377990E+00 0.000000000000E+00 2.576419830638E+00
1.801826374481E+00 -3.196681213245E+00 -2.545656204385E+00
1.801826374481E+00 3.196681213245E+00 -2.545656204385E+00
8
1.000000000000E+00 0.000000000000E+00 -0.000000000000E+00
0.000000000000E+00 1.000000000000E+00 -0.000000000000E+00
0.000000000000E+00 -0.000000000000E+00 1.000000000000E+00
0.000000000000E+00 0.000000000000E+00 0.000000000000E+00
-1.000000000000E+00 -0.000000000000E+00 0.000000000000E+00
-0.000000000000E+00 -1.000000000000E+00 0.000000000000E+00
-0.000000000000E+00 0.000000000000E+00 -1.000000000000E+00
0.000000000000E+00 0.000000000000E+00 0.000000000000E+00
3.334284156140E-01 -0.000000000000E+00 9.438063488690E-01
-0.000000000000E+00 -1.000000000000E+00 0.000000000000E+00
9.417456162760E-01 0.000000000000E+00 -3.334284156140E-01
0.000000000000E+00 0.000000000000E+00 0.000000000000E+00
-3.334284156140E-01 0.000000000000E+00 -9.438063488690E-01
0.000000000000E+00 1.000000000000E+00 -0.000000000000E+00
-9.417456162760E-01 -0.000000000000E+00 3.334284156140E-01
0.000000000000E+00 0.000000000000E+00 0.000000000000E+00
-3.334284156140E-01 0.000000000000E+00 -9.438063488690E-01
0.000000000000E+00 -1.000000000000E+00 -0.000000000000E+00
-9.417456162760E-01 -0.000000000000E+00 3.334284156140E-01
0.000000000000E+00 0.000000000000E+00 0.000000000000E+00
3.334284156140E-01 -0.000000000000E+00 9.438063488690E-01
-0.000000000000E+00 1.000000000000E+00 0.000000000000E+00
9.417456162760E-01 0.000000000000E+00 -3.334284156140E-01
0.000000000000E+00 0.000000000000E+00 0.000000000000E+00
-1.000000000000E+00 0.000000000000E+00 0.000000000000E+00
-0.000000000000E+00 1.000000000000E+00 0.000000000000E+00
-0.000000000000E+00 0.000000000000E+00 -1.000000000000E+00
0.000000000000E+00 0.000000000000E+00 0.000000000000E+00
1.000000000000E+00 -0.000000000000E+00 -0.000000000000E+00
0.000000000000E+00 -1.000000000000E+00 -0.000000000000E+00
0.000000000000E+00 -0.000000000000E+00 1.000000000000E+00
0.000000000000E+00 0.000000000000E+00 0.000000000000E+00
8
25 0.000000000000E+00 0.000000000000E+00 0.000000000000E+00
25 -9.230780017520E-01 -1.598340606622E+00 -2.561038017515E+00
25 -9.230780017520E-01 1.598340606622E+00 -2.561038017515E+00
25 1.801826374486E+00 -0.000000000000E+00 -2.545656204388E+00
8 -1.823991188995E+00 0.000000000000E+00 -1.288209915320E+00
8 9.009131872420E-01 -1.598340606622E+00 -1.272828102194E+00
8 9.009131872420E-01 1.598340606622E+00 -1.272828102194E+00
8 -2.216481450900E-02 -0.000000000000E+00 -3.833866119708E+00
71 8