3   1   1
3.693512959120E+00 0.000000000000E+00 2.562440273877E+00
1.846756479555E+00 -3.198676051805E+00 -2.562440273877E+00
1.846756479555E+00 3.198676051805E+00 -2.562440273877E+00
12
1.000000000000E+00 -0.000000000000E+00 -0.000000000000E+00
-0.000000000000E+00 1.000000000000E+00 0.000000000000E+00
-0.000000000000E+00 -0.000000000000E+00 1.000000000000E+00
0.000000000000E+00 0.000000000000E+00 0.000000000000E+00
-1.000000000000E+00 0.000000000000E+00 0.000000000000E+00
0.000000000000E+00 -1.000000000000E+00 -0.000000000000E+00
0.000000000000E+00 0.000000000000E+00 -1.000000000000E+00
0.000000000000E+00 0.000000000000E+00 0.000000000000E+00
-5.000000000000E-01 -8.660254037840E-01 2.000000000000E-12
8.660254037850E-01 -5.000000000000E-01 -1.000000000000E-12
0.000000000000E+00 0.000000000000E+00 1.000000000000E+00
0.000000000000E+00 0.000000000000E+00 0.000000000000E+00
5.000000000000E-01 8.660254037840E-01 -2.000000000000E-12
-8.660254037850E-01 5.000000000000E-01 1.000000000000E-12
-0.000000000000E+00 -0.000000000000E+00 -1.000000000000E+00
0.000000000000E+00 0.000000000000E+00 0.000000000000E+00
-5.000000000000E-01 8.660254037840E-01 2.000000000000E-12
-8.660254037850E-01 -5.000000000000E-01 1.000000000000E-12
0.000000000000E+00 -0.000000000000E+00 1.000000000000E+00
0.000000000000E+00 0.000000000000E+00 0.000000000000E+00
5.000000000000E-01 -8.660254037840E-01 -2.000000000000E-12
8.660254037850E-01 5.000000000000E-01 -1.000000000000E-12
-0.000000000000E+00 0.000000000000E+00 -1.000000000000E+00
0.000000000000E+00 0.000000000000E+00 0.000000000000E+00
-1.000000000000E+00 -0.000000000000E+00 0.000000000000E+00
-0.000000000000E+00 1.000000000000E+00 0.000000000000E+00
0.000000000000E+00 0.000000000000E+00 -1.000000000000E+00
0.000000000000E+00 0.000000000000E+00 0.000000000000E+00
1.000000000000E+00 0.000000000000E+00 -0.000000000000E+00
0.000000000000E+00 -1.000000000000E+00 -0.000000000000E+00
-0.000000000000E+00 -0.000000000000E+00 1.000000000000E+00
0.000000000000E+00 0.000000000000E+00 0.000000000000E+00
5.000000000000E-01 8.660254037840E-01 -2.000000000000E-12
8.660254037850E-01 -5.000000000000E-01 -1.000000000000E-12
-0.000000000000E+00 -0.000000000000E+00 -1.000000000000E+00
0.000000000000E+00 0.000000000000E+00 0.000000000000E+00
-5.000000000000E-01 -8.660254037840E-01 2.000000000000E-12
-8.660254037850E-01 5.000000000000E-01 1.000000000000E-12
0.000000000000E+00 0.000000000000E+00 1.000000000000E+00
0.000000000000E+00 0.000000000000E+00 0.000000000000E+00
5.000000000000E-01 -8.660254037840E-01 -2.000000000000E-12
-8.660254037850E-01 -5.000000000000E-01 1.000000000000E-12
-0.000000000000E+00 0.000000000000E+00 -1.000000000000E+00
0.000000000000E+00 0.000000000000E+00 0.000000000000E+00
-5.000000000000E-01 8.660254037840E-01 2.000000000000E-12
8.660254037850E-01 5.000000000000E-01 -1.000000000000E-12
0.000000000000E+00 -0.000000000000E+00 1.000000000000E+00
0.000000000000E+00 0.000000000000E+00 0.000000000000E+00
8
25 0.000000000000E+00 0.000000000000E+00 0.000000000000E+00
25 -9.233782397790E-01 -1.599338025902E+00 -2.562440273880E+00
25 -9.233782397790E-01 1.599338025902E+00 -2.562440273880E+00
25 1.846756479560E+00 0.000000000000E+00 -2.562440273880E+00
8 -1.846756479560E+00 0.000000000000E+00 -1.281220136939E+00
8 9.233782397790E-01 -1.599338025902E+00 -1.281220136939E+00
8 9.233782397790E-01 1.599338025902E+00 -1.281220136939E+00
8 0.000000000000E+00 -0.000000000000E+00 -3.843660410819E+00
166 12