3   1   1
3.671902008617E+00 0.000000000000E+00 2.593313281401E+00
1.813640856259E+00 -3.217641685618E+00 -2.562347939652E+00
1.813640856259E+00 3.217641685618E+00 -2.562347939652E+00
8
1.000000000000E+00 0.000000000000E+00 0.000000000000E+00
-0.000000000000E+00 1.000000000000E+00 0.000000000000E+00
0.000000000000E+00 -0.000000000000E+00 1.000000000000E+00
0.000000000000E+00 0.000000000000E+00 0.000000000000E+00
-1.000000000000E+00 -0.000000000000E+00 -0.000000000000E+00
0.000000000000E+00 -1.000000000000E+00 -0.000000000000E+00
-0.000000000000E+00 0.000000000000E+00 -1.000000000000E+00
0.000000000000E+00 0.000000000000E+00 0.000000000000E+00
3.334284156140E-01 -0.000000000000E+00 9.438063488690E-01
0.000000000000E+00 -1.000000000000E+00 -0.000000000000E+00
9.417456162760E-01 0.000000000000E+00 -3.334284156140E-01
0.000000000000E+00 0.000000000000E+00 0.000000000000E+00
-3.334284156140E-01 0.000000000000E+00 -9.438063488690E-01
-0.000000000000E+00 1.000000000000E+00 0.000000000000E+00
-9.417456162760E-01 -0.000000000000E+00 3.334284156140E-01
0.000000000000E+00 0.000000000000E+00 0.000000000000E+00
-3.334284156140E-01 -0.000000000000E+00 -9.438063488690E-01
0.000000000000E+00 -1.000000000000E+00 0.000000000000E+00
-9.417456162760E-01 0.000000000000E+00 3.334284156140E-01
0.000000000000E+00 0.000000000000E+00 0.000000000000E+00
3.334284156140E-01 0.000000000000E+00 9.438063488690E-01
-0.000000000000E+00 1.000000000000E+00 -0.000000000000E+00
9.417456162760E-01 -0.000000000000E+00 -3.334284156140E-01
0.000000000000E+00 0.000000000000E+00 0.000000000000E+00
-1.000000000000E+00 0.000000000000E+00 -0.000000000000E+00
-0.000000000000E+00 1.000000000000E+00 -0.000000000000E+00
-0.000000000000E+00 -0.000000000000E+00 -1.000000000000E+00
0.000000000000E+00 0.000000000000E+00 0.000000000000E+00
1.000000000000E+00 -0.000000000000E+00 0.000000000000E+00
0.000000000000E+00 -1.000000000000E+00 0.000000000000E+00
0.000000000000E+00 0.000000000000E+00 1.000000000000E+00
0.000000000000E+00 0.000000000000E+00 0.000000000000E+00
8
25 0.000000000000E+00 0.000000000000E+00 0.000000000000E+00
25 -9.291305761760E-01 -1.608820842809E+00 -2.577830610529E+00
25 -9.291305761760E-01 1.608820842809E+00 -2.577830610529E+00
25 1.813640856264E+00 0.000000000000E+00 -2.562347939655E+00
8 -1.835951004308E+00 0.000000000000E+00 -1.296656640701E+00
8 9.068204281310E-01 -1.608820842809E+00 -1.281173969827E+00
8 9.068204281310E-01 1.608820842809E+00 -1.281173969827E+00
8 -2.231014804500E-02 -0.000000000000E+00 -3.859004580356E+00
71 8