3   1   1
3.705543163832E+00 0.000000000000E+00 2.570786442253E+00
1.852771581911E+00 -3.209094514699E+00 -2.570786442253E+00
1.852771581911E+00 3.209094514699E+00 -2.570786442253E+00
12
1.000000000000E+00 -0.000000000000E+00 -0.000000000000E+00
0.000000000000E+00 1.000000000000E+00 0.000000000000E+00
-0.000000000000E+00 0.000000000000E+00 1.000000000000E+00
0.000000000000E+00 0.000000000000E+00 0.000000000000E+00
-1.000000000000E+00 0.000000000000E+00 0.000000000000E+00
-0.000000000000E+00 -1.000000000000E+00 -0.000000000000E+00
0.000000000000E+00 -0.000000000000E+00 -1.000000000000E+00
0.000000000000E+00 0.000000000000E+00 0.000000000000E+00
-5.000000000000E-01 -8.660254037840E-01 2.000000000000E-12
8.660254037850E-01 -5.000000000000E-01 -1.000000000000E-12
0.000000000000E+00 0.000000000000E+00 1.000000000000E+00
0.000000000000E+00 0.000000000000E+00 0.000000000000E+00
5.000000000000E-01 8.660254037840E-01 -2.000000000000E-12
-8.660254037850E-01 5.000000000000E-01 1.000000000000E-12
-0.000000000000E+00 -0.000000000000E+00 -1.000000000000E+00
0.000000000000E+00 0.000000000000E+00 0.000000000000E+00
-5.000000000000E-01 8.660254037840E-01 2.000000000000E-12
-8.660254037850E-01 -5.000000000000E-01 1.000000000000E-12
0.000000000000E+00 -0.000000000000E+00 1.000000000000E+00
0.000000000000E+00 0.000000000000E+00 0.000000000000E+00
5.000000000000E-01 -8.660254037840E-01 -2.000000000000E-12
8.660254037850E-01 5.000000000000E-01 -1.000000000000E-12
-0.000000000000E+00 0.000000000000E+00 -1.000000000000E+00
0.000000000000E+00 0.000000000000E+00 0.000000000000E+00
-1.000000000000E+00 -0.000000000000E+00 0.000000000000E+00
-0.000000000000E+00 1.000000000000E+00 -0.000000000000E+00
0.000000000000E+00 0.000000000000E+00 -1.000000000000E+00
0.000000000000E+00 0.000000000000E+00 0.000000000000E+00
1.000000000000E+00 0.000000000000E+00 -0.000000000000E+00
0.000000000000E+00 -1.000000000000E+00 0.000000000000E+00
-0.000000000000E+00 -0.000000000000E+00 1.000000000000E+00
0.000000000000E+00 0.000000000000E+00 0.000000000000E+00
5.000000000000E-01 8.660254037840E-01 -2.000000000000E-12
8.660254037850E-01 -5.000000000000E-01 -1.000000000000E-12
-0.000000000000E+00 -0.000000000000E+00 -1.000000000000E+00
0.000000000000E+00 0.000000000000E+00 0.000000000000E+00
-5.000000000000E-01 -8.660254037840E-01 2.000000000000E-12
-8.660254037850E-01 5.000000000000E-01 1.000000000000E-12
0.000000000000E+00 0.000000000000E+00 1.000000000000E+00
0.000000000000E+00 0.000000000000E+00 0.000000000000E+00
5.000000000000E-01 -8.660254037840E-01 -2.000000000000E-12
-8.660254037850E-01 -5.000000000000E-01 1.000000000000E-12
-0.000000000000E+00 0.000000000000E+00 -1.000000000000E+00
0.000000000000E+00 0.000000000000E+00 0.000000000000E+00
-5.000000000000E-01 8.660254037840E-01 2.000000000000E-12
8.660254037850E-01 5.000000000000E-01 -1.000000000000E-12
0.000000000000E+00 -0.000000000000E+00 1.000000000000E+00
0.000000000000E+00 0.000000000000E+00 0.000000000000E+00
8
25 0.000000000000E+00 0.000000000000E+00 0.000000000000E+00
25 -9.263857909580E-01 -1.604547257349E+00 -2.570786442256E+00
25 -9.263857909580E-01 1.604547257349E+00 -2.570786442256E+00
25 1.852771581916E+00 0.000000000000E+00 -2.570786442256E+00
8 -1.852771581916E+00 -0.000000000000E+00 -1.285393221128E+00
8 9.263857909580E-01 -1.604547257349E+00 -1.285393221128E+00
8 9.263857909580E-01 1.604547257349E+00 -1.285393221128E+00
8 0.000000000000E+00 -0.000000000000E+00 -3.856179663384E+00
166 12