3   1   1
3.564263670798E+00 0.000000000000E+00 2.517292752967E+00
1.760475688259E+00 -3.123319559939E+00 -2.487235130953E+00
1.760475688259E+00 3.123319559939E+00 -2.487235130953E+00
8
1.000000000000E+00 -0.000000000000E+00 0.000000000000E+00
-0.000000000000E+00 1.000000000000E+00 0.000000000000E+00
0.000000000000E+00 -0.000000000000E+00 1.000000000000E+00
0.000000000000E+00 0.000000000000E+00 0.000000000000E+00
-1.000000000000E+00 0.000000000000E+00 -0.000000000000E+00
0.000000000000E+00 -1.000000000000E+00 -0.000000000000E+00
-0.000000000000E+00 0.000000000000E+00 -1.000000000000E+00
0.000000000000E+00 0.000000000000E+00 0.000000000000E+00
3.334284156140E-01 -0.000000000000E+00 9.438063488690E-01
0.000000000000E+00 -1.000000000000E+00 -0.000000000000E+00
9.417456162760E-01 0.000000000000E+00 -3.334284156140E-01
0.000000000000E+00 0.000000000000E+00 0.000000000000E+00
-3.334284156140E-01 0.000000000000E+00 -9.438063488690E-01
-0.000000000000E+00 1.000000000000E+00 0.000000000000E+00
-9.417456162760E-01 -0.000000000000E+00 3.334284156140E-01
0.000000000000E+00 0.000000000000E+00 0.000000000000E+00
-3.334284156140E-01 0.000000000000E+00 -9.438063488690E-01
0.000000000000E+00 -1.000000000000E+00 -0.000000000000E+00
-9.417456162760E-01 -0.000000000000E+00 3.334284156140E-01
0.000000000000E+00 0.000000000000E+00 0.000000000000E+00
3.334284156140E-01 -0.000000000000E+00 9.438063488690E-01
-0.000000000000E+00 1.000000000000E+00 0.000000000000E+00
9.417456162760E-01 0.000000000000E+00 -3.334284156140E-01
0.000000000000E+00 0.000000000000E+00 0.000000000000E+00
-1.000000000000E+00 0.000000000000E+00 -0.000000000000E+00
-0.000000000000E+00 1.000000000000E+00 0.000000000000E+00
-0.000000000000E+00 0.000000000000E+00 -1.000000000000E+00
0.000000000000E+00 0.000000000000E+00 0.000000000000E+00
1.000000000000E+00 -0.000000000000E+00 0.000000000000E+00
0.000000000000E+00 -1.000000000000E+00 -0.000000000000E+00
0.000000000000E+00 -0.000000000000E+00 1.000000000000E+00
0.000000000000E+00 0.000000000000E+00 0.000000000000E+00
8
25 0.000000000000E+00 0.000000000000E+00 0.000000000000E+00
25 -9.018939912670E-01 -1.561659779970E+00 -2.502263941963E+00
25 -9.018939912670E-01 1.561659779970E+00 -2.502263941963E+00
25 1.760475688264E+00 -0.000000000000E+00 -2.487235130955E+00
8 -1.782131835399E+00 -0.000000000000E+00 -1.258646376484E+00
8 8.802378441310E-01 -1.561659779970E+00 -1.243617565477E+00
8 8.802378441310E-01 1.561659779970E+00 -1.243617565477E+00
8 -2.165614713500E-02 -0.000000000000E+00 -3.745881507440E+00
71 8