3   1   1
1.812082396618E+00 -0.000000000000E+00 5.015522396174E+00
-9.060411983080E-01 1.569309389216E+00 5.015522396174E+00
-9.060411983080E-01 -1.569309389216E+00 5.015522396174E+00
24
1.000000000000E+00 -0.000000000000E+00 -0.000000000000E+00
-0.000000000000E+00 1.000000000000E+00 -0.000000000000E+00
0.000000000000E+00 -0.000000000000E+00 1.000000000000E+00
0.000000000000E+00 0.000000000000E+00 0.000000000000E+00
-1.000000000000E+00 0.000000000000E+00 0.000000000000E+00
0.000000000000E+00 -1.000000000000E+00 0.000000000000E+00
-0.000000000000E+00 0.000000000000E+00 -1.000000000000E+00
0.000000000000E+00 0.000000000000E+00 0.000000000000E+00
-5.000000000000E-01 -8.660254037870E-01 0.000000000000E+00
8.660254037820E-01 -5.000000000000E-01 -0.000000000000E+00
0.000000000000E+00 0.000000000000E+00 1.000000000000E+00
0.000000000000E+00 0.000000000000E+00 0.000000000000E+00
5.000000000000E-01 8.660254037870E-01 -0.000000000000E+00
-8.660254037820E-01 5.000000000000E-01 0.000000000000E+00
-0.000000000000E+00 -0.000000000000E+00 -1.000000000000E+00
0.000000000000E+00 0.000000000000E+00 0.000000000000E+00
-5.000000000000E-01 8.660254037870E-01 0.000000000000E+00
-8.660254037820E-01 -5.000000000000E-01 0.000000000000E+00
0.000000000000E+00 -0.000000000000E+00 1.000000000000E+00
0.000000000000E+00 0.000000000000E+00 0.000000000000E+00
5.000000000000E-01 -8.660254037870E-01 -0.000000000000E+00
8.660254037820E-01 5.000000000000E-01 -0.000000000000E+00
-0.000000000000E+00 0.000000000000E+00 -1.000000000000E+00
0.000000000000E+00 0.000000000000E+00 0.000000000000E+00
-1.000000000000E+00 0.000000000000E+00 0.000000000000E+00
0.000000000000E+00 1.000000000000E+00 0.000000000000E+00
0.000000000000E+00 -0.000000000000E+00 -1.000000000000E+00
0.000000000000E+00 0.000000000000E+00 0.000000000000E+00
1.000000000000E+00 -0.000000000000E+00 -0.000000000000E+00
-0.000000000000E+00 -1.000000000000E+00 -0.000000000000E+00
-0.000000000000E+00 0.000000000000E+00 1.000000000000E+00
0.000000000000E+00 0.000000000000E+00 0.000000000000E+00
5.000000000000E-01 8.660254037870E-01 -0.000000000000E+00
8.660254037820E-01 -5.000000000000E-01 -0.000000000000E+00
-0.000000000000E+00 -0.000000000000E+00 -1.000000000000E+00
0.000000000000E+00 0.000000000000E+00 0.000000000000E+00
-5.000000000000E-01 -8.660254037870E-01 0.000000000000E+00
-8.660254037820E-01 5.000000000000E-01 0.000000000000E+00
0.000000000000E+00 0.000000000000E+00 1.000000000000E+00
0.000000000000E+00 0.000000000000E+00 0.000000000000E+00
5.000000000000E-01 -8.660254037870E-01 -0.000000000000E+00
-8.660254037820E-01 -5.000000000000E-01 0.000000000000E+00
-0.000000000000E+00 0.000000000000E+00 -1.000000000000E+00
0.000000000000E+00 0.000000000000E+00 0.000000000000E+00
-5.000000000000E-01 8.660254037870E-01 0.000000000000E+00
8.660254037820E-01 5.000000000000E-01 -0.000000000000E+00
0.000000000000E+00 -0.000000000000E+00 1.000000000000E+00
0.000000000000E+00 0.000000000000E+00 0.000000000000E+00
1.000000000000E+00 -0.000000000000E+00 -0.000000000000E+00
-0.000000000000E+00 1.000000000000E+00 -0.000000000000E+00
0.000000000000E+00 -0.000000000000E+00 1.000000000000E+00
1.000000000000E-12 -0.000000000000E+00 7.523283594260E+00
-1.000000000000E+00 0.000000000000E+00 0.000000000000E+00
0.000000000000E+00 -1.000000000000E+00 0.000000000000E+00
-0.000000000000E+00 0.000000000000E+00 -1.000000000000E+00
1.000000000000E-12 -0.000000000000E+00 7.523283594260E+00
-5.000000000000E-01 -8.660254037870E-01 0.000000000000E+00
8.660254037820E-01 -5.000000000000E-01 -0.000000000000E+00
0.000000000000E+00 0.000000000000E+00 1.000000000000E+00
1.000000000000E-12 -0.000000000000E+00 7.523283594260E+00
5.000000000000E-01 8.660254037870E-01 -0.000000000000E+00
-8.660254037820E-01 5.000000000000E-01 0.000000000000E+00
-0.000000000000E+00 -0.000000000000E+00 -1.000000000000E+00
1.000000000000E-12 -0.000000000000E+00 7.523283594260E+00
-5.000000000000E-01 8.660254037870E-01 0.000000000000E+00
-8.660254037820E-01 -5.000000000000E-01 0.000000000000E+00
0.000000000000E+00 -0.000000000000E+00 1.000000000000E+00
1.000000000000E-12 -0.000000000000E+00 7.523283594260E+00
5.000000000000E-01 -8.660254037870E-01 -0.000000000000E+00
8.660254037820E-01 5.000000000000E-01 -0.000000000000E+00
-0.000000000000E+00 0.000000000000E+00 -1.000000000000E+00
1.000000000000E-12 -0.000000000000E+00 7.523283594260E+00
-1.000000000000E+00 0.000000000000E+00 0.000000000000E+00
0.000000000000E+00 1.000000000000E+00 0.000000000000E+00
0.000000000000E+00 -0.000000000000E+00 -1.000000000000E+00
1.000000000000E-12 -0.000000000000E+00 7.523283594260E+00
1.000000000000E+00 -0.000000000000E+00 -0.000000000000E+00
-0.000000000000E+00 -1.000000000000E+00 -0.000000000000E+00
-0.000000000000E+00 0.000000000000E+00 1.000000000000E+00
1.000000000000E-12 -0.000000000000E+00 7.523283594260E+00
5.000000000000E-01 8.660254037870E-01 -0.000000000000E+00
8.660254037820E-01 -5.000000000000E-01 -0.000000000000E+00
-0.000000000000E+00 -0.000000000000E+00 -1.000000000000E+00
1.000000000000E-12 -0.000000000000E+00 7.523283594260E+00
-5.000000000000E-01 -8.660254037870E-01 0.000000000000E+00
-8.660254037820E-01 5.000000000000E-01 0.000000000000E+00
0.000000000000E+00 0.000000000000E+00 1.000000000000E+00
1.000000000000E-12 -0.000000000000E+00 7.523283594260E+00
5.000000000000E-01 -8.660254037870E-01 -0.000000000000E+00
-8.660254037820E-01 -5.000000000000E-01 0.000000000000E+00
-0.000000000000E+00 0.000000000000E+00 -1.000000000000E+00
1.000000000000E-12 -0.000000000000E+00 7.523283594260E+00
-5.000000000000E-01 8.660254037870E-01 0.000000000000E+00
8.660254037820E-01 5.000000000000E-01 -0.000000000000E+00
0.000000000000E+00 -0.000000000000E+00 1.000000000000E+00
1.000000000000E-12 -0.000000000000E+00 7.523283594260E+00
4
25 0.000000000000E+00 0.000000000000E+00 0.000000000000E+00
8 -1.812082396616E+00 0.000000000000E+00 -1.253880599043E+00
25 -0.000000000000E+00 -0.000000000000E+00 7.523283594258E+00
8 -9.060411983080E-01 -1.569309389220E+00 1.253880599043E+00
166 24