3   1   1
1.814214927635E+00 -0.000000000000E+00 5.003172377816E+00
-9.071074638170E-01 1.571156215252E+00 5.003172377816E+00
-9.071074638170E-01 -1.571156215252E+00 5.003172377816E+00
12
1.000000000000E+00 -0.000000000000E+00 -0.000000000000E+00
-0.000000000000E+00 1.000000000000E+00 -0.000000000000E+00
0.000000000000E+00 0.000000000000E+00 1.000000000000E+00
0.000000000000E+00 0.000000000000E+00 0.000000000000E+00
-1.000000000000E+00 0.000000000000E+00 0.000000000000E+00
0.000000000000E+00 -1.000000000000E+00 0.000000000000E+00
-0.000000000000E+00 -0.000000000000E+00 -1.000000000000E+00
0.000000000000E+00 0.000000000000E+00 0.000000000000E+00
-5.000000000000E-01 -8.660254037870E-01 0.000000000000E+00
8.660254037820E-01 -5.000000000000E-01 -0.000000000000E+00
0.000000000000E+00 0.000000000000E+00 1.000000000000E+00
0.000000000000E+00 0.000000000000E+00 0.000000000000E+00
5.000000000000E-01 8.660254037870E-01 -0.000000000000E+00
-8.660254037820E-01 5.000000000000E-01 0.000000000000E+00
-0.000000000000E+00 -0.000000000000E+00 -1.000000000000E+00
0.000000000000E+00 0.000000000000E+00 0.000000000000E+00
-5.000000000000E-01 8.660254037870E-01 0.000000000000E+00
-8.660254037820E-01 -5.000000000000E-01 0.000000000000E+00
0.000000000000E+00 -0.000000000000E+00 1.000000000000E+00
0.000000000000E+00 0.000000000000E+00 0.000000000000E+00
5.000000000000E-01 -8.660254037870E-01 -0.000000000000E+00
8.660254037820E-01 5.000000000000E-01 -0.000000000000E+00
-0.000000000000E+00 0.000000000000E+00 -1.000000000000E+00
0.000000000000E+00 0.000000000000E+00 0.000000000000E+00
5.000000000000E-01 8.660254037870E-01 -0.000000000000E+00
8.660254037820E-01 -5.000000000000E-01 -0.000000000000E+00
-0.000000000000E+00 -0.000000000000E+00 -1.000000000000E+00
0.000000000000E+00 0.000000000000E+00 0.000000000000E+00
-5.000000000000E-01 -8.660254037870E-01 0.000000000000E+00
-8.660254037820E-01 5.000000000000E-01 0.000000000000E+00
0.000000000000E+00 0.000000000000E+00 1.000000000000E+00
0.000000000000E+00 0.000000000000E+00 0.000000000000E+00
5.000000000000E-01 -8.660254037870E-01 -0.000000000000E+00
-8.660254037820E-01 -5.000000000000E-01 0.000000000000E+00
-0.000000000000E+00 0.000000000000E+00 -1.000000000000E+00
0.000000000000E+00 0.000000000000E+00 0.000000000000E+00
-5.000000000000E-01 8.660254037870E-01 0.000000000000E+00
8.660254037820E-01 5.000000000000E-01 -0.000000000000E+00
0.000000000000E+00 -0.000000000000E+00 1.000000000000E+00
0.000000000000E+00 0.000000000000E+00 0.000000000000E+00
-1.000000000000E+00 0.000000000000E+00 -0.000000000000E+00
-0.000000000000E+00 1.000000000000E+00 0.000000000000E+00
-0.000000000000E+00 0.000000000000E+00 -1.000000000000E+00
0.000000000000E+00 0.000000000000E+00 0.000000000000E+00
1.000000000000E+00 -0.000000000000E+00 0.000000000000E+00
0.000000000000E+00 -1.000000000000E+00 -0.000000000000E+00
0.000000000000E+00 -0.000000000000E+00 1.000000000000E+00
0.000000000000E+00 0.000000000000E+00 0.000000000000E+00
4
25 0.000000000000E+00 0.000000000000E+00 0.000000000000E+00
8 2.000000000000E-12 -0.000000000000E+00 3.752379283363E+00
25 -0.000000000000E+00 -0.000000000000E+00 7.504758566723E+00
8 2.000000000000E-12 -4.000000000000E-12 1.125713785009E+01
166 12