   3   1   1
  0.361212437864E+01  0.000000000000E+00  0.999771906214E+01
 -0.180606218932E+01  0.312819147353E+01  0.999771906214E+01
 -0.180606218932E+01 -0.312819147353E+01  0.999771906214E+01
    6
  0.100000000000E+01  0.000000000000E+00  0.000000000000E+00
  0.000000000000E+00  0.100000000000E+01  0.000000000000E+00
  0.000000000000E+00  0.000000000000E+00  0.100000000000E+01
  0.000000000000E+00  0.000000000000E+00  0.000000000000E+00
 -0.500000000000E+00 -0.866025403784E+00  0.000000000000E+00
  0.866025403784E+00 -0.500000000000E+00  0.000000000000E+00
  0.000000000000E+00  0.000000000000E+00  0.100000000000E+01
  0.000000000000E+00  0.000000000000E+00  0.000000000000E+00
 -0.500000000000E+00  0.866025403784E+00  0.000000000000E+00
 -0.866025403784E+00 -0.500000000000E+00  0.000000000000E+00
  0.000000000000E+00  0.000000000000E+00  0.100000000000E+01
  0.000000000000E+00  0.000000000000E+00  0.000000000000E+00
 -0.500000000000E+00  0.866025403784E+00  0.000000000000E+00
  0.866025403784E+00  0.500000000000E+00  0.000000000000E+00
  0.000000000000E+00  0.000000000000E+00  0.100000000000E+01
  0.000000000000E+00  0.000000000000E+00  0.000000000000E+00
  0.100000000000E+01  0.000000000000E+00  0.000000000000E+00
  0.000000000000E+00 -0.100000000000E+01  0.000000000000E+00
  0.000000000000E+00  0.000000000000E+00  0.100000000000E+01
  0.000000000000E+00  0.000000000000E+00  0.000000000000E+00
 -0.500000000000E+00 -0.866025403784E+00  0.000000000000E+00
 -0.866025403784E+00  0.500000000000E+00  0.000000000000E+00
  0.000000000000E+00  0.000000000000E+00  0.100000000000E+01
  0.000000000000E+00  0.000000000000E+00  0.000000000000E+00
   32
   25      0.000000000000      0.000000000000      0.000000000000
   25      0.903031094659      1.564095736764     -4.998859531068
   25      0.903031094659     -1.564095736764     -4.998859531068
   25      1.806062189318      0.000000000000     -9.997719062137
   25     -1.806062189318      0.000000000000     -4.998859531068
   25     -0.903031094659      1.564095736764     -9.997719062137
   25     -0.903031094659     -1.564095736764     -9.997719062137
   25      0.000000000000      0.000000000000    -14.996578593205
    8     -1.806062189318      0.000000000000     -1.249714882767
    8     -0.903031094659      1.564095736764     -6.248574413835
    8     -0.903031094659     -1.564095736764     -6.248574413835
    8      0.000000000000      0.000000000000    -11.247433944904
    8      0.000000000000      0.000000000000      3.749144648301
    8      0.903031094659      1.564095736764     -1.249714882767
    8      0.903031094659     -1.564095736764     -1.249714882767
    8      1.806062189318      0.000000000000     -6.248574413835
   25     -0.903031094659     -1.564095736764     -2.499429765534
   25      0.000000000000     -0.000000000000     -7.498289296603
   25     -1.806062189318      0.000000000000      2.499429765534
   25     -0.903031094659      1.564095736764     -2.499429765534
   25      0.903031094659     -1.564095736764      2.499429765534
   25      1.806062189318      0.000000000000     -2.499429765534
   25      0.000000000000      0.000000000000      7.498289296603
   25      0.903031094659      1.564095736764      2.499429765534
    8     -0.903031094659     -1.564095736764      1.249714882767
    8      0.000000000000     -0.000000000000     -3.749144648301
    8     -1.806062189318      0.000000000000      6.248574413835
    8     -0.903031094659      1.564095736764      1.249714882767
    8      0.903031094659     -1.564095736764      6.248574413835
    8      1.806062189318     -0.000000000000      1.249714882767
    8      0.000000000000      0.000000000000     11.247433944904
    8      0.903031094659      1.564095736764      6.248574413835
  160    6
