3   1   1
2.657557960001E+00 -1.564095736764E+00 0.000000000000E+00
2.657557960001E+00 1.564095736764E+00 0.000000000000E+00
1.737015299941E+00 0.000000000000E+00 2.547898669943E+00
12
1.000000000000E+00 0.000000000000E+00 -0.000000000000E+00
0.000000000000E+00 1.000000000000E+00 -0.000000000000E+00
0.000000000000E+00 0.000000000000E+00 1.000000000000E+00
0.000000000000E+00 0.000000000000E+00 0.000000000000E+00
-1.000000000000E+00 -0.000000000000E+00 0.000000000000E+00
-0.000000000000E+00 -1.000000000000E+00 0.000000000000E+00
0.000000000000E+00 0.000000000000E+00 -1.000000000000E+00
0.000000000000E+00 0.000000000000E+00 0.000000000000E+00
8.268066635020E-01 -2.942731184620E-01 4.793684104530E-01
2.942731184620E-01 -5.000000000000E-01 -8.144957530590E-01
4.793684104530E-01 8.144957530590E-01 -3.268066635020E-01
0.000000000000E+00 0.000000000000E+00 0.000000000000E+00
-8.268066635020E-01 2.942731184620E-01 -4.793684104530E-01
-2.942731184620E-01 5.000000000000E-01 8.144957530590E-01
-4.793684104530E-01 -8.144957530590E-01 3.268066635020E-01
0.000000000000E+00 0.000000000000E+00 0.000000000000E+00
8.268066635020E-01 2.942731184620E-01 4.793684104530E-01
-2.942731184620E-01 -5.000000000000E-01 8.144957530590E-01
4.793684104530E-01 -8.144957530590E-01 -3.268066635020E-01
0.000000000000E+00 0.000000000000E+00 0.000000000000E+00
-8.268066635020E-01 -2.942731184620E-01 -4.793684104530E-01
2.942731184620E-01 5.000000000000E-01 -8.144957530590E-01
-4.793684104530E-01 8.144957530590E-01 3.268066635020E-01
0.000000000000E+00 0.000000000000E+00 0.000000000000E+00
-8.268066635020E-01 -2.942731184620E-01 -4.793684104530E-01
-2.942731184620E-01 -5.000000000000E-01 8.144957530590E-01
-4.793684104530E-01 8.144957530590E-01 3.268066635020E-01
0.000000000000E+00 0.000000000000E+00 0.000000000000E+00
8.268066635020E-01 2.942731184620E-01 4.793684104530E-01
2.942731184620E-01 5.000000000000E-01 -8.144957530590E-01
4.793684104530E-01 -8.144957530590E-01 -3.268066635020E-01
0.000000000000E+00 0.000000000000E+00 0.000000000000E+00
-1.000000000000E+00 0.000000000000E+00 0.000000000000E+00
0.000000000000E+00 1.000000000000E+00 -0.000000000000E+00
0.000000000000E+00 0.000000000000E+00 -1.000000000000E+00
0.000000000000E+00 0.000000000000E+00 0.000000000000E+00
1.000000000000E+00 -0.000000000000E+00 -0.000000000000E+00
-0.000000000000E+00 -1.000000000000E+00 0.000000000000E+00
0.000000000000E+00 0.000000000000E+00 1.000000000000E+00
0.000000000000E+00 0.000000000000E+00 0.000000000000E+00
-8.268066635020E-01 2.942731184620E-01 -4.793684104530E-01
2.942731184620E-01 -5.000000000000E-01 -8.144957530590E-01
-4.793684104530E-01 -8.144957530590E-01 3.268066635020E-01
0.000000000000E+00 0.000000000000E+00 0.000000000000E+00
8.268066635020E-01 -2.942731184620E-01 4.793684104530E-01
-2.942731184620E-01 5.000000000000E-01 8.144957530590E-01
4.793684104530E-01 8.144957530590E-01 -3.268066635020E-01
0.000000000000E+00 0.000000000000E+00 0.000000000000E+00
2
25 0.000000000000E+00 0.000000000000E+00 0.000000000000E+00
8 3.526065609971E+00 -0.000000000000E+00 1.273949334972E+00
166 12