   3   1   1
  0.729078428054E+01  0.000000000000E+00  0.505811120074E+01
  0.364539214026E+01 -0.631400440046E+01 -0.505811120074E+01
  0.364539214026E+01  0.631400440046E+01 -0.505811120074E+01
    6
  0.100000000000E+01  0.000000000000E+00  0.000000000000E+00
  0.000000000000E+00  0.100000000000E+01  0.000000000000E+00
  0.000000000000E+00  0.000000000000E+00  0.100000000000E+01
  0.000000000000E+00  0.000000000000E+00  0.000000000000E+00
 -0.500000000000E+00 -0.866025403784E+00  0.000000000000E+00
  0.866025403784E+00 -0.500000000000E+00  0.000000000000E+00
  0.000000000000E+00  0.000000000000E+00  0.100000000000E+01
  0.000000000000E+00  0.000000000000E+00  0.000000000000E+00
 -0.500000000000E+00  0.866025403784E+00  0.000000000000E+00
 -0.866025403784E+00 -0.500000000000E+00  0.000000000000E+00
  0.000000000000E+00  0.000000000000E+00  0.100000000000E+01
  0.000000000000E+00  0.000000000000E+00  0.000000000000E+00
 -0.500000000000E+00  0.866025403784E+00  0.000000000000E+00
  0.866025403784E+00  0.500000000000E+00  0.000000000000E+00
  0.000000000000E+00  0.000000000000E+00  0.100000000000E+01
  0.000000000000E+00  0.000000000000E+00  0.000000000000E+00
  0.100000000000E+01  0.000000000000E+00  0.000000000000E+00
  0.000000000000E+00 -0.100000000000E+01  0.000000000000E+00
  0.000000000000E+00  0.000000000000E+00  0.100000000000E+01
  0.000000000000E+00  0.000000000000E+00  0.000000000000E+00
 -0.500000000000E+00 -0.866025403784E+00  0.000000000000E+00
 -0.866025403784E+00  0.500000000000E+00  0.000000000000E+00
  0.000000000000E+00  0.000000000000E+00  0.100000000000E+01
  0.000000000000E+00  0.000000000000E+00  0.000000000000E+00
   64
   25      0.000000000000      0.000000000000      0.000000000000
   25      2.734044105201     -1.578501100113     -0.000000000002
   25      2.734044105202      1.578501100112     -0.000000000002
   25      1.822696070131      0.000000000000     -2.529055600369
    8      1.822696070135      0.000000000000      1.264527800184
    8      0.911348035067     -1.578501100113     -1.264527800185
    8      0.911348035067      1.578501100113     -1.264527800185
    8      3.645392140265      0.000000000000     -1.264527800185
   25     -1.822696070130     -3.157002200230      2.529055600370
   25      0.911348035071     -4.735503300343      2.529055600368
   25      0.911348035071      1.578501100117      2.529055600368
   25     -0.911348035059     -1.578501100113      5.058111200738
   25     -0.911348035069     -1.578501100113     -2.529055600372
   25     -2.734044105199     -4.735503300343     -0.000000000002
   25     -2.734044105199      1.578501100117     -0.000000000002
   25     -4.556740175329     -1.578501100113      2.529055600368
   25     -1.822696070130      3.157002200230      2.529055600370
   25      0.911348035072     -1.578501100118      2.529055600368
   25      0.911348035072      4.735503300342      2.529055600368
   25     -0.911348035058      1.578501100112      5.058111200738
   25     -0.911348035068      1.578501100112     -2.529055600372
   25     -2.734044105198     -1.578501100118     -0.000000000002
   25     -2.734044105198      4.735503300342     -0.000000000002
   25     -4.556740175328      1.578501100112      2.529055600368
   25     -3.645392140260      0.000000000000      5.058111200740
   25      0.000000000001     -3.157002200230      0.000000000001
   25      0.000000000001      3.157002200230      0.000000000001
   25     -1.822696070129      0.000000000000      2.529055600371
   25     -1.822696070139      0.000000000000     -5.058111200739
   25     -3.645392140269     -3.157002200230     -2.529055600369
   25     -3.645392140269      3.157002200230     -2.529055600369
   25     -5.468088210399      0.000000000000      0.000000000001
   25     -3.645392140270      0.000000000000     -2.529055600370
    8      0.000000000005     -3.157002200230      3.793583400554
    8      0.000000000005      3.157002200230      3.793583400554
    8     -1.822696070125      0.000000000000      6.322639000924
    8     -1.822696070135      0.000000000000     -1.264527800186
    8     -3.645392140265     -3.157002200230      1.264527800184
    8     -3.645392140265      3.157002200230      1.264527800184
    8     -5.468088210395      0.000000000000      3.793583400554
   25      5.468088210400      3.157002200230     -0.000000000000
    8     -0.911348035063     -4.735503300343      1.264527800185
    8     -0.911348035063      1.578501100117      1.264527800185
    8     -2.734044105193     -1.578501100113      3.793583400555
    8     -2.734044105203     -1.578501100113     -3.793583400555
    8     -4.556740175333     -4.735503300343     -1.264527800185
    8     -4.556740175333      1.578501100117     -1.264527800185
    8     -6.379436245463     -1.578501100113      1.264527800185
   25      5.468088210400     -3.157002200230     -0.000000000000
    8     -0.911348035063     -1.578501100117      1.264527800185
    8     -0.911348035063      4.735503300343      1.264527800185
    8     -2.734044105193      1.578501100113      3.793583400555
    8     -2.734044105203      1.578501100113     -3.793583400555
    8     -4.556740175333     -1.578501100117     -1.264527800185
    8     -4.556740175333      4.735503300343     -1.264527800185
    8     -6.379436245463      1.578501100113      1.264527800185
   25     -7.290784280530      0.000000000000      2.529055600370
    8      1.822696070135     -3.157002200230      1.264527800185
    8      1.822696070135      3.157002200230      1.264527800185
    8      0.000000000005      0.000000000000      3.793583400555
    8     -0.000000000005      0.000000000000     -3.793583400555
    8     -1.822696070135     -3.157002200230     -1.264527800185
    8     -1.822696070135      3.157002200230     -1.264527800185
    8     -3.645392140265      0.000000000000      1.264527800185
  160    6
